cell,sample,malignant,confidence,n_types,n_types_mal,expr_call,allele_call,snv_call,m_infercnv
6323_R2_AAACCCAAGGTCTACT-1,6323_R2,1,low_single_type,1,1,1,,,1
6323_R2_AAACCCACACGGTCTG-1,6323_R2,0,low_single_type,1,0,0,,,0
6323_R2_AAACCCACAGGTTTAC-1,6323_R2,0,low_single_type,1,0,0,,,0
6323_R2_AAACCCAGTCACAGAG-1,6323_R2,0,low_single_type,1,0,0,,,0
6323_R2_AAACCCATCTGAGCAT-1,6323_R2,0,low_single_type,1,0,0,,,0
6323_R2_AAACGAAAGATGCCGA-1,6323_R2,0,low_single_type,1,0,0,,,0
6323_R2_AAACGAAAGCGCTGCT-1,6323_R2,0,low_single_type,1,0,0,,,0
6323_R2_AAACGAAAGGCTCTAT-1,6323_R2,0,low_single_type,1,0,0,,,0
6323_R2_AAACGAAAGGTAGTCG-1,6323_R2,0,low_single_type,1,0,0,,,0
6323_R2_AAACGAACAAGTATAG-1,6323_R2,0,low_single_type,1,0,0,,,0
6323_R2_AAACGAATCTGCCTGT-1,6323_R2,0,low_single_type,1,0,0,,,0
6323_R2_AAACGCTAGCGTACAG-1,6323_R2,0,low_single_type,1,0,0,,,0
6323_R2_AAACGCTAGTGTGTTC-1,6323_R2,0,low_single_type,1,0,0,,,0
6323_R2_AAACGCTGTGGCTCTG-1,6323_R2,0,low_single_type,1,0,0,,,0
6323_R2_AAACGCTGTTTAAGGA-1,6323_R2,0,low_single_type,1,0,0,,,0
6323_R2_AAAGAACAGGTCCGAA-1,6323_R2,0,low_single_type,1,0,0,,,0
6323_R2_AAAGAACAGTCGCTAT-1,6323_R2,0,low_single_type,1,0,0,,,0
6323_R2_AAAGAACCAAACGAGC-1,6323_R2,0,low_single_type,1,0,0,,,0
6323_R2_AAAGAACTCTTGGGCG-1,6323_R2,0,low_single_type,1,0,0,,,0
6323_R2_AAAGGATCAACACACT-1,6323_R2,0,low_single_type,1,0,0,,,0
6323_R2_AAAGGGCAGAAGTCTA-1,6323_R2,0,low_single_type,1,0,0,,,0
6323_R2_AAAGGGCAGCGAACTG-1,6323_R2,0,low_single_type,1,0,0,,,0
6323_R2_AAAGGGCAGCGATGCA-1,6323_R2,0,low_single_type,1,0,0,,,0
6323_R2_AAAGGGCCACCCATAA-1,6323_R2,0,low_single_type,1,0,0,,,0
6323_R2_AAAGGGCCAGAGGGTT-1,6323_R2,0,low_single_type,1,0,0,,,0
6323_R2_AAAGGGCCAGCAGAAC-1,6323_R2,0,low_single_type,1,0,0,,,0
6323_R2_AAAGGGCGTGTGTGTT-1,6323_R2,0,low_single_type,1,0,0,,,0
6323_R2_AAAGGGCTCCGTGTAA-1,6323_R2,0,low_single_type,1,0,0,,,0
6323_R2_AAAGGTAAGAGCCATG-1,6323_R2,0,low_single_type,1,0,0,,,0
6323_R2_AAAGGTACAGAGAGGG-1,6323_R2,0,low_single_type,1,0,0,,,0
6323_R2_AAAGGTAGTCCGAAGA-1,6323_R2,0,low_single_type,1,0,0,,,0
6323_R2_AAAGGTAGTGGACTGA-1,6323_R2,0,low_single_type,1,0,0,,,0
6323_R2_AAAGTCCAGTCTTCCC-1,6323_R2,0,low_single_type,1,0,0,,,0
6323_R2_AAAGTCCCAGAACTCT-1,6323_R2,0,low_single_type,1,0,0,,,0
6323_R2_AAAGTGAAGCTCCCTT-1,6323_R2,0,low_single_type,1,0,0,,,0
6323_R2_AAAGTGACATATACCG-1,6323_R2,0,low_single_type,1,0,0,,,0
6323_R2_AAAGTGAGTAGTGTGG-1,6323_R2,0,low_single_type,1,0,0,,,0
6323_R2_AAAGTGATCGCTCCTA-1,6323_R2,0,low_single_type,1,0,0,,,0
6323_R2_AAAGTGATCGGTCGAC-1,6323_R2,0,low_single_type,1,0,0,,,0
6323_R2_AAAGTGATCTGCGGGT-1,6323_R2,0,low_single_type,1,0,0,,,0
6323_R2_AAATGGAGTTCAGTAC-1,6323_R2,0,low_single_type,1,0,0,,,0
6323_R2_AACAAAGAGCGCCGTT-1,6323_R2,0,low_single_type,1,0,0,,,0
6323_R2_AACAACCTCGCCAACG-1,6323_R2,0,low_single_type,1,0,0,,,0
6323_R2_AACAAGACACATACTG-1,6323_R2,0,low_single_type,1,0,0,,,0
6323_R2_AACAAGATCTCCGTGT-1,6323_R2,0,low_single_type,1,0,0,,,0
6323_R2_AACACACCAACTTCTT-1,6323_R2,0,low_single_type,1,0,0,,,0
6323_R2_AACACACCATGTGCTA-1,6323_R2,0,low_single_type,1,0,0,,,0
6323_R2_AACACACGTGACGCCT-1,6323_R2,0,low_single_type,1,0,0,,,0
6323_R2_AACACACGTTTGCCGG-1,6323_R2,0,low_single_type,1,0,0,,,0
6323_R2_AACAGGGAGCAATAGT-1,6323_R2,0,low_single_type,1,0,0,,,0
6323_R2_AACAGGGCACTAGGTT-1,6323_R2,0,low_single_type,1,0,0,,,0
6323_R2_AACAGGGCATCCTGTC-1,6323_R2,0,low_single_type,1,0,0,,,0
6323_R2_AACAGGGTCGCCAACG-1,6323_R2,0,low_single_type,1,0,0,,,0
6323_R2_AACCAACAGAGGCGTT-1,6323_R2,0,low_single_type,1,0,0,,,0
6323_R2_AACCAACCAAGCTCTA-1,6323_R2,0,low_single_type,1,0,0,,,0
6323_R2_AACCAACTCGCTAAAC-1,6323_R2,0,low_single_type,1,0,0,,,0
6323_R2_AACCAACTCTGGGATT-1,6323_R2,0,low_single_type,1,0,0,,,0
6323_R2_AACCACAAGAGCTGAC-1,6323_R2,0,low_single_type,1,0,0,,,0
6323_R2_AACCACAAGATGCGAC-1,6323_R2,0,low_single_type,1,0,0,,,0
6323_R2_AACCACAAGCCGAACA-1,6323_R2,0,low_single_type,1,0,0,,,0
6323_R2_AACCACAAGCCTGACC-1,6323_R2,0,low_single_type,1,0,0,,,0
6323_R2_AACCACAAGCGACTGA-1,6323_R2,0,low_single_type,1,0,0,,,0
6323_R2_AACCACACACAGCTGC-1,6323_R2,0,low_single_type,1,0,0,,,0
6323_R2_AACCACATCCAACTAG-1,6323_R2,0,low_single_type,1,0,0,,,0
6323_R2_AACCACATCTCCGAGG-1,6323_R2,0,low_single_type,1,0,0,,,0
6323_R2_AACCATGAGCCTTGAT-1,6323_R2,0,low_single_type,1,0,0,,,0
6323_R2_AACCATGGTACGTTCA-1,6323_R2,0,low_single_type,1,0,0,,,0
6323_R2_AACCATGGTAGAGTTA-1,6323_R2,0,low_single_type,1,0,0,,,0
6323_R2_AACCATGGTTTACGTG-1,6323_R2,0,low_single_type,1,0,0,,,0
6323_R2_AACCATGTCCATCCGT-1,6323_R2,0,low_single_type,1,0,0,,,0
6323_R2_AACCCAAAGCTCTTCC-1,6323_R2,0,low_single_type,1,0,0,,,0
6323_R2_AACCCAACAGCTATAC-1,6323_R2,0,low_single_type,1,0,0,,,0
6323_R2_AACCCAATCAGGAACG-1,6323_R2,0,low_single_type,1,0,0,,,0
6323_R2_AACCCAATCCATTTCA-1,6323_R2,0,low_single_type,1,0,0,,,0
6323_R2_AACCTGAAGAGTCAAT-1,6323_R2,0,low_single_type,1,0,0,,,0
6323_R2_AACCTGAGTGTCATGT-1,6323_R2,0,low_single_type,1,0,0,,,0
6323_R2_AACCTGAGTTTCGACA-1,6323_R2,0,low_single_type,1,0,0,,,0
6323_R2_AACCTGATCCAAGCAT-1,6323_R2,0,low_single_type,1,0,0,,,0
6323_R2_AACCTGATCTAGTACG-1,6323_R2,0,low_single_type,1,0,0,,,0
6323_R2_AACCTTTCACGATAGG-1,6323_R2,1,low_single_type,1,1,1,,,1
6323_R2_AACCTTTGTCGTTTCC-1,6323_R2,0,low_single_type,1,0,0,,,0
6323_R2_AACGAAAAGACCGCCT-1,6323_R2,0,low_single_type,1,0,0,,,0
6323_R2_AACGAAAAGACCTCAT-1,6323_R2,0,low_single_type,1,0,0,,,0
6323_R2_AACGAAACAAGGTCAG-1,6323_R2,0,low_single_type,1,0,0,,,0
6323_R2_AACGAAACAGCAAGAC-1,6323_R2,0,low_single_type,1,0,0,,,0
6323_R2_AACGAAACATCAGCAT-1,6323_R2,0,low_single_type,1,0,0,,,0
6323_R2_AACGAAAGTTGGACCC-1,6323_R2,1,low_single_type,1,1,1,,,1
6323_R2_AACGAAATCGGAGTGA-1,6323_R2,0,low_single_type,1,0,0,,,0
6323_R2_AACGGGAAGAAACTGT-1,6323_R2,0,low_single_type,1,0,0,,,0
6323_R2_AACGGGAAGTGCACCC-1,6323_R2,0,low_single_type,1,0,0,,,0
6323_R2_AACGGGATCATTTGTC-1,6323_R2,0,low_single_type,1,0,0,,,0
6323_R2_AACGTCAAGAGCAAGA-1,6323_R2,0,low_single_type,1,0,0,,,0
6323_R2_AACGTCACATGTGTCA-1,6323_R2,1,low_single_type,1,1,1,,,1
6323_R2_AACGTCATCAAGCCAT-1,6323_R2,0,low_single_type,1,0,0,,,0
6323_R2_AACGTCATCGAAGCAG-1,6323_R2,0,low_single_type,1,0,0,,,0
6323_R2_AACGTCATCGGCATTA-1,6323_R2,0,low_single_type,1,0,0,,,0
6323_R2_AACTTCTAGCGGTATG-1,6323_R2,0,low_single_type,1,0,0,,,0
6323_R2_AACTTCTAGGTGATAT-1,6323_R2,0,low_single_type,1,0,0,,,0
6323_R2_AACTTCTGTATCGAGG-1,6323_R2,0,low_single_type,1,0,0,,,0
6323_R2_AACTTCTGTGATTCTG-1,6323_R2,1,low_single_type,1,1,1,,,1
6323_R2_AACTTCTTCAGCGTCG-1,6323_R2,0,low_single_type,1,0,0,,,0
6323_R2_AAGAACAAGGAGTATT-1,6323_R2,0,low_single_type,1,0,0,,,0
6323_R2_AAGAACAGTGCCCAGT-1,6323_R2,0,low_single_type,1,0,0,,,0
6323_R2_AAGAACAGTTTCGCTC-1,6323_R2,0,low_single_type,1,0,0,,,0
6323_R2_AAGACAAAGGGATCAC-1,6323_R2,0,low_single_type,1,0,0,,,0
6323_R2_AAGACAAAGTACCATC-1,6323_R2,0,low_single_type,1,0,0,,,0
6323_R2_AAGACAAGTGCTGCAC-1,6323_R2,0,low_single_type,1,0,0,,,0
6323_R2_AAGACAATCCCATAAG-1,6323_R2,0,low_single_type,1,0,0,,,0
6323_R2_AAGACAATCGCTGCGA-1,6323_R2,1,low_single_type,1,1,1,,,1
6323_R2_AAGACTCAGTGTACCT-1,6323_R2,0,low_single_type,1,0,0,,,0
6323_R2_AAGACTCGTACAAGTA-1,6323_R2,0,low_single_type,1,0,0,,,0
6323_R2_AAGACTCGTGTTCGTA-1,6323_R2,1,low_single_type,1,1,1,,,1
6323_R2_AAGACTCTCCTCTCGA-1,6323_R2,0,low_single_type,1,0,0,,,0
6323_R2_AAGATAGAGCATGATA-1,6323_R2,0,low_single_type,1,0,0,,,0
6323_R2_AAGATAGGTGATACAA-1,6323_R2,0,low_single_type,1,0,0,,,0
6323_R2_AAGATAGTCTGTCGTC-1,6323_R2,0,low_single_type,1,0,0,,,0
6323_R2_AAGCATCAGGAACTCG-1,6323_R2,0,low_single_type,1,0,0,,,0
6323_R2_AAGCATCAGGTCGTCC-1,6323_R2,0,low_single_type,1,0,0,,,0
6323_R2_AAGCATCGTATTGACC-1,6323_R2,0,low_single_type,1,0,0,,,0
6323_R2_AAGCATCGTTCAAACC-1,6323_R2,0,low_single_type,1,0,0,,,0
6323_R2_AAGCATCGTTGGCCTG-1,6323_R2,0,low_single_type,1,0,0,,,0
6323_R2_AAGCATCTCGGTTGTA-1,6323_R2,0,low_single_type,1,0,0,,,0
6323_R2_AAGCCATGTAGAGACC-1,6323_R2,0,low_single_type,1,0,0,,,0
6323_R2_AAGCGAGCAGTAGTGG-1,6323_R2,0,low_single_type,1,0,0,,,0
6323_R2_AAGCGAGGTAAGATCA-1,6323_R2,0,low_single_type,1,0,0,,,0
6323_R2_AAGCGAGGTGGCGCTT-1,6323_R2,0,low_single_type,1,0,0,,,0
6323_R2_AAGCGAGGTTGTTTGG-1,6323_R2,0,low_single_type,1,0,0,,,0
6323_R2_AAGCGTTAGCCTGACC-1,6323_R2,0,low_single_type,1,0,0,,,0
6323_R2_AAGCGTTAGGTAGCAC-1,6323_R2,0,low_single_type,1,0,0,,,0
6323_R2_AAGCGTTCAAATGAGT-1,6323_R2,0,low_single_type,1,0,0,,,0
6323_R2_AAGCGTTCACAAAGCG-1,6323_R2,0,low_single_type,1,0,0,,,0
6323_R2_AAGCGTTCACATCATG-1,6323_R2,0,low_single_type,1,0,0,,,0
6323_R2_AAGGAATCACTAGGTT-1,6323_R2,0,low_single_type,1,0,0,,,0
6323_R2_AAGGAATCACTTGAGT-1,6323_R2,0,low_single_type,1,0,0,,,0
6323_R2_AAGGAATTCAACGTGT-1,6323_R2,0,low_single_type,1,0,0,,,0
6323_R2_AAGGAATTCAAGAGGC-1,6323_R2,0,low_single_type,1,0,0,,,0
6323_R2_AAGGAATTCCTCTAGC-1,6323_R2,0,low_single_type,1,0,0,,,0
6323_R2_AAGGTAAAGACCTCCG-1,6323_R2,0,low_single_type,1,0,0,,,0
6323_R2_AAGGTAAAGGACTGGT-1,6323_R2,0,low_single_type,1,0,0,,,0
6323_R2_AAGGTAACACGCACCA-1,6323_R2,0,low_single_type,1,0,0,,,0
6323_R2_AAGGTAATCCTTATAC-1,6323_R2,0,low_single_type,1,0,0,,,0
6323_R2_AAGTACCAGAAGTGTT-1,6323_R2,0,low_single_type,1,0,0,,,0
6323_R2_AAGTACCCAACGCATT-1,6323_R2,0,low_single_type,1,0,0,,,0
6323_R2_AAGTACCGTCCTCATC-1,6323_R2,1,low_single_type,1,1,1,,,1
6323_R2_AAGTACCTCAAACCCA-1,6323_R2,0,low_single_type,1,0,0,,,0
6323_R2_AAGTACCTCATCACAG-1,6323_R2,0,low_single_type,1,0,0,,,0
6323_R2_AAGTGAAAGAAGTATC-1,6323_R2,0,low_single_type,1,0,0,,,0
6323_R2_AAGTGAAAGTGACCTT-1,6323_R2,0,low_single_type,1,0,0,,,0
6323_R2_AAGTGAAGTGTCGATT-1,6323_R2,0,low_single_type,1,0,0,,,0
6323_R2_AAGTGAAGTTTGCAGT-1,6323_R2,0,low_single_type,1,0,0,,,0
6323_R2_AAGTTCGCACCAGACC-1,6323_R2,0,low_single_type,1,0,0,,,0
6323_R2_AAGTTCGCAGCGGATA-1,6323_R2,0,low_single_type,1,0,0,,,0
6323_R2_AAGTTCGCATAAGCGG-1,6323_R2,0,low_single_type,1,0,0,,,0
6323_R2_AAGTTCGTCACCGGGT-1,6323_R2,0,low_single_type,1,0,0,,,0
6323_R2_AAGTTCGTCCCAAGTA-1,6323_R2,0,low_single_type,1,0,0,,,0
6323_R2_AAGTTCGTCGCGGACT-1,6323_R2,0,low_single_type,1,0,0,,,0
6323_R2_AATAGAGAGAGTTGCG-1,6323_R2,0,low_single_type,1,0,0,,,0
6323_R2_AATAGAGAGCCGTTGC-1,6323_R2,1,low_single_type,1,1,1,,,1
6323_R2_AATAGAGAGGAAGTCC-1,6323_R2,0,low_single_type,1,0,0,,,0
6323_R2_AATAGAGGTTCGTGCG-1,6323_R2,0,low_single_type,1,0,0,,,0
6323_R2_AATCACGAGGACAACC-1,6323_R2,1,low_single_type,1,1,1,,,1
6323_R2_AATCACGAGGATGAGA-1,6323_R2,0,low_single_type,1,0,0,,,0
6323_R2_AATCACGGTAATACCC-1,6323_R2,0,low_single_type,1,0,0,,,0
6323_R2_AATCACGTCGAGCACC-1,6323_R2,0,low_single_type,1,0,0,,,0
6323_R2_AATCGACAGAGCATAT-1,6323_R2,0,low_single_type,1,0,0,,,0
6323_R2_AATCGACAGCACCTGC-1,6323_R2,0,low_single_type,1,0,0,,,0
6323_R2_AATCGACCAGACCCGT-1,6323_R2,0,low_single_type,1,0,0,,,0
6323_R2_AATCGACCATCATCTT-1,6323_R2,0,low_single_type,1,0,0,,,0
6323_R2_AATCGACGTTTACGAC-1,6323_R2,0,low_single_type,1,0,0,,,0
6323_R2_AATCGACTCACGACTA-1,6323_R2,0,low_single_type,1,0,0,,,0
6323_R2_AATCGACTCATGCTAG-1,6323_R2,0,low_single_type,1,0,0,,,0
6323_R2_AATCGACTCTACCACC-1,6323_R2,0,low_single_type,1,0,0,,,0
6323_R2_AATCGTGGTTCCGCAG-1,6323_R2,0,low_single_type,1,0,0,,,0
6323_R2_AATGAAGAGACCTTTG-1,6323_R2,0,low_single_type,1,0,0,,,0
6323_R2_AATGAAGAGCATGGGT-1,6323_R2,0,low_single_type,1,0,0,,,0
6323_R2_AATGAAGCAACAGTGG-1,6323_R2,0,low_single_type,1,0,0,,,0
6323_R2_AATGAAGTCGAGAAGC-1,6323_R2,0,low_single_type,1,0,0,,,0
6323_R2_AATGACCCAACTTGGT-1,6323_R2,0,low_single_type,1,0,0,,,0
6323_R2_AATGACCTCATTGTTC-1,6323_R2,0,low_single_type,1,0,0,,,0
6323_R2_AATGACCTCCCTGGTT-1,6323_R2,0,low_single_type,1,0,0,,,0
6323_R2_AATGACCTCGAAGCCC-1,6323_R2,0,low_single_type,1,0,0,,,0
6323_R2_AATGACCTCGACGCGT-1,6323_R2,0,low_single_type,1,0,0,,,0
6323_R2_AATGACCTCTTGTGCC-1,6323_R2,0,low_single_type,1,0,0,,,0
6323_R2_AATGGAAAGCTAGAGC-1,6323_R2,0,low_single_type,1,0,0,,,0
6323_R2_AATGGAAGTGCAAGAC-1,6323_R2,0,low_single_type,1,0,0,,,0
6323_R2_AATGGAAGTTCTCTCG-1,6323_R2,0,low_single_type,1,0,0,,,0
6323_R2_AATGGCTGTAGAGCTG-1,6323_R2,0,low_single_type,1,0,0,,,0
6323_R2_AATTCCTCACTATCCC-1,6323_R2,0,low_single_type,1,0,0,,,0
6323_R2_AATTCCTGTACTAACC-1,6323_R2,0,low_single_type,1,0,0,,,0
6323_R2_AATTCCTGTGGCTCTG-1,6323_R2,0,low_single_type,1,0,0,,,0
6323_R2_AATTCCTGTGGTCTAT-1,6323_R2,0,low_single_type,1,0,0,,,0
6323_R2_AATTCCTGTTATCTGG-1,6323_R2,0,low_single_type,1,0,0,,,0
6323_R2_AATTCCTTCGACGCTG-1,6323_R2,0,low_single_type,1,0,0,,,0
6323_R2_AATTCCTTCTAACGGT-1,6323_R2,0,low_single_type,1,0,0,,,0
6323_R2_AATTTCCCACTCCGAG-1,6323_R2,0,low_single_type,1,0,0,,,0
6323_R2_AATTTCCCATGGCACC-1,6323_R2,0,low_single_type,1,0,0,,,0
6323_R2_ACAAAGAAGCGCCATC-1,6323_R2,0,low_single_type,1,0,0,,,0
6323_R2_ACAAAGACAAGCTCTA-1,6323_R2,0,low_single_type,1,0,0,,,0
6323_R2_ACAAAGACATGATAGA-1,6323_R2,0,low_single_type,1,0,0,,,0
6323_R2_ACAAAGAGTCGAATTC-1,6323_R2,0,low_single_type,1,0,0,,,0
6323_R2_ACAAAGAGTTCGATTG-1,6323_R2,0,low_single_type,1,0,0,,,0
6323_R2_ACAAAGATCGCCGAGT-1,6323_R2,0,low_single_type,1,0,0,,,0
6323_R2_ACAACCAAGGCCTGCT-1,6323_R2,0,low_single_type,1,0,0,,,0
6323_R2_ACAACCACAACTCGAT-1,6323_R2,0,low_single_type,1,0,0,,,0
6323_R2_ACAACCACATAGCTGT-1,6323_R2,0,low_single_type,1,0,0,,,0
6323_R2_ACAACCAGTCACCACG-1,6323_R2,0,low_single_type,1,0,0,,,0
6323_R2_ACAACCAGTCCCTGTT-1,6323_R2,0,low_single_type,1,0,0,,,0
6323_R2_ACAACCATCCCAGGCA-1,6323_R2,0,low_single_type,1,0,0,,,0
6323_R2_ACAACCATCCCTCTTT-1,6323_R2,0,low_single_type,1,0,0,,,0
6323_R2_ACAAGCTTCTAGGCCG-1,6323_R2,0,low_single_type,1,0,0,,,0
6323_R2_ACAAGCTTCTTTCGAT-1,6323_R2,0,low_single_type,1,0,0,,,0
6323_R2_ACACAGTAGATTGATG-1,6323_R2,0,low_single_type,1,0,0,,,0
6323_R2_ACACAGTGTAGCGTTT-1,6323_R2,0,low_single_type,1,0,0,,,0
6323_R2_ACACAGTTCGGAATTC-1,6323_R2,0,low_single_type,1,0,0,,,0
6323_R2_ACACAGTTCTCATTAC-1,6323_R2,1,low_single_type,1,1,1,,,1
6323_R2_ACACCAAAGCATCAGG-1,6323_R2,0,low_single_type,1,0,0,,,0
6323_R2_ACACCAACAATAACGA-1,6323_R2,0,low_single_type,1,0,0,,,0
6323_R2_ACACCAACACAACGCC-1,6323_R2,0,low_single_type,1,0,0,,,0
6323_R2_ACACCAAGTGGAACCA-1,6323_R2,1,low_single_type,1,1,1,,,1
6323_R2_ACACCAATCGTGAGAG-1,6323_R2,0,low_single_type,1,0,0,,,0
6323_R2_ACACGCGAGGGTACGT-1,6323_R2,0,low_single_type,1,0,0,,,0
6323_R2_ACACGCGCAGGTATGG-1,6323_R2,0,low_single_type,1,0,0,,,0
6323_R2_ACACGCGCATTCTCCG-1,6323_R2,0,low_single_type,1,0,0,,,0
6323_R2_ACACGCGTCGCATTAG-1,6323_R2,0,low_single_type,1,0,0,,,0
6323_R2_ACACTGAAGAAGCCAC-1,6323_R2,0,low_single_type,1,0,0,,,0
6323_R2_ACACTGAAGGTCCAGA-1,6323_R2,0,low_single_type,1,0,0,,,0
6323_R2_ACACTGAAGTCAACAA-1,6323_R2,0,low_single_type,1,0,0,,,0
6323_R2_ACACTGACAACAGCCC-1,6323_R2,0,low_single_type,1,0,0,,,0
6323_R2_ACACTGACAAGCTGTT-1,6323_R2,0,low_single_type,1,0,0,,,0
6323_R2_ACACTGACAGCAGACA-1,6323_R2,1,low_single_type,1,1,1,,,1
6323_R2_ACACTGAGTGACCGAA-1,6323_R2,0,low_single_type,1,0,0,,,0
6323_R2_ACACTGATCCATCCGT-1,6323_R2,0,low_single_type,1,0,0,,,0
6323_R2_ACACTGATCTGGGCCA-1,6323_R2,0,low_single_type,1,0,0,,,0
6323_R2_ACAGAAAAGGTTGCCC-1,6323_R2,0,low_single_type,1,0,0,,,0
6323_R2_ACAGAAACACATGAAA-1,6323_R2,0,low_single_type,1,0,0,,,0
6323_R2_ACAGAAATCTTGCAAG-1,6323_R2,0,low_single_type,1,0,0,,,0
6323_R2_ACAGCCGAGCGCCTTG-1,6323_R2,0,low_single_type,1,0,0,,,0
6323_R2_ACAGCCGAGCGTCAGA-1,6323_R2,0,low_single_type,1,0,0,,,0
6323_R2_ACAGCCGCAATAGAGT-1,6323_R2,0,low_single_type,1,0,0,,,0
6323_R2_ACAGCCGGTGTAACGG-1,6323_R2,0,low_single_type,1,0,0,,,0
6323_R2_ACAGGGAAGCGCCTAC-1,6323_R2,0,low_single_type,1,0,0,,,0
6323_R2_ACAGGGAGTTTACCTT-1,6323_R2,0,low_single_type,1,0,0,,,0
6323_R2_ACAGGGATCGATCCCT-1,6323_R2,0,low_single_type,1,0,0,,,0
6323_R2_ACAGGGATCGCGTGCA-1,6323_R2,0,low_single_type,1,0,0,,,0
6323_R2_ACATCCCAGGTAGGCT-1,6323_R2,0,low_single_type,1,0,0,,,0
6323_R2_ACATCCCAGTATCCTG-1,6323_R2,0,low_single_type,1,0,0,,,0
6323_R2_ACATCCCCAATAACCC-1,6323_R2,0,low_single_type,1,0,0,,,0
6323_R2_ACATCCCCAATAGTGA-1,6323_R2,0,low_single_type,1,0,0,,,0
6323_R2_ACATCCCTCTACTTCA-1,6323_R2,0,low_single_type,1,0,0,,,0
6323_R2_ACATCGAAGGGCTAAC-1,6323_R2,0,low_single_type,1,0,0,,,0
6323_R2_ACATCGAAGGTCGAGT-1,6323_R2,0,low_single_type,1,0,0,,,0
6323_R2_ACATCGACAAATGAGT-1,6323_R2,0,low_single_type,1,0,0,,,0
6323_R2_ACATCGACAGCACCCA-1,6323_R2,0,low_single_type,1,0,0,,,0
6323_R2_ACATCGAGTGGCACTC-1,6323_R2,0,low_single_type,1,0,0,,,0
6323_R2_ACATCGATCCTGGTCT-1,6323_R2,1,low_single_type,1,1,1,,,1
6323_R2_ACATCGATCGAACCAT-1,6323_R2,0,low_single_type,1,0,0,,,0
6323_R2_ACATGCAAGAGCCCAA-1,6323_R2,0,low_single_type,1,0,0,,,0
6323_R2_ACATGCAAGTCGGCAA-1,6323_R2,0,low_single_type,1,0,0,,,0
6323_R2_ACATGCAGTCGCAACC-1,6323_R2,0,low_single_type,1,0,0,,,0
6323_R2_ACCAAACAGTAAACAC-1,6323_R2,0,low_single_type,1,0,0,,,0
6323_R2_ACCAAACCACAAGCTT-1,6323_R2,0,low_single_type,1,0,0,,,0
6323_R2_ACCAAACCACTTCTCG-1,6323_R2,0,low_single_type,1,0,0,,,0
6323_R2_ACCAAACGTAACATGA-1,6323_R2,1,low_single_type,1,1,1,,,1
6323_R2_ACCAAACGTACAAGTA-1,6323_R2,0,low_single_type,1,0,0,,,0
6323_R2_ACCAAACGTTCCGCAG-1,6323_R2,0,low_single_type,1,0,0,,,0
6323_R2_ACCAACAAGTCACACT-1,6323_R2,0,low_single_type,1,0,0,,,0
6323_R2_ACCAACAAGTTGAATG-1,6323_R2,0,low_single_type,1,0,0,,,0
6323_R2_ACCAACACAGGTTCAT-1,6323_R2,0,low_single_type,1,0,0,,,0
6323_R2_ACCAACAGTACTTCCC-1,6323_R2,0,low_single_type,1,0,0,,,0
6323_R2_ACCAACAGTGTCGCTG-1,6323_R2,0,low_single_type,1,0,0,,,0
6323_R2_ACCACAAAGGACAACC-1,6323_R2,0,low_single_type,1,0,0,,,0
6323_R2_ACCACAACACCCTGAG-1,6323_R2,0,low_single_type,1,0,0,,,0
6323_R2_ACCACAACAGCACAAG-1,6323_R2,0,low_single_type,1,0,0,,,0
6323_R2_ACCACAAGTCAACCAT-1,6323_R2,0,low_single_type,1,0,0,,,0
6323_R2_ACCACAAGTTACGTAC-1,6323_R2,0,low_single_type,1,0,0,,,0
6323_R2_ACCATTTAGCCTTCTC-1,6323_R2,0,low_single_type,1,0,0,,,0
6323_R2_ACCATTTCAGCAGTGA-1,6323_R2,0,low_single_type,1,0,0,,,0
6323_R2_ACCATTTGTACTCGTA-1,6323_R2,0,low_single_type,1,0,0,,,0
6323_R2_ACCATTTGTAGTATAG-1,6323_R2,0,low_single_type,1,0,0,,,0
6323_R2_ACCATTTGTCCATCTC-1,6323_R2,0,low_single_type,1,0,0,,,0
6323_R2_ACCATTTGTTGCAACT-1,6323_R2,0,low_single_type,1,0,0,,,0
6323_R2_ACCCAAAGTACAGTAA-1,6323_R2,0,low_single_type,1,0,0,,,0
6323_R2_ACCCTCAAGGTCACAG-1,6323_R2,0,low_single_type,1,0,0,,,0
6323_R2_ACCCTCAAGTTAACAG-1,6323_R2,0,low_single_type,1,0,0,,,0
6323_R2_ACCCTCAGTTGCAACT-1,6323_R2,0,low_single_type,1,0,0,,,0
6323_R2_ACCCTTGAGGGTTTCT-1,6323_R2,0,low_single_type,1,0,0,,,0
6323_R2_ACCCTTGCACTTGGCG-1,6323_R2,0,low_single_type,1,0,0,,,0
6323_R2_ACCCTTGGTCAGTCCG-1,6323_R2,0,low_single_type,1,0,0,,,0
6323_R2_ACCCTTGGTGTGTCCG-1,6323_R2,0,low_single_type,1,0,0,,,0
6323_R2_ACCCTTGTCCAAGGGA-1,6323_R2,0,low_single_type,1,0,0,,,0
6323_R2_ACCGTTCAGATGGGCT-1,6323_R2,0,low_single_type,1,0,0,,,0
6323_R2_ACCGTTCAGATTGACA-1,6323_R2,0,low_single_type,1,0,0,,,0
6323_R2_ACCGTTCAGCGACTTT-1,6323_R2,0,low_single_type,1,0,0,,,0
6323_R2_ACCGTTCAGGTCATTC-1,6323_R2,0,low_single_type,1,0,0,,,0
6323_R2_ACCGTTCGTCAAATCC-1,6323_R2,0,low_single_type,1,0,0,,,0
6323_R2_ACCGTTCTCGGTCTAA-1,6323_R2,0,low_single_type,1,0,0,,,0
6323_R2_ACCTACCCAAATCCCA-1,6323_R2,0,low_single_type,1,0,0,,,0
6323_R2_ACCTACCGTCAACCTA-1,6323_R2,0,low_single_type,1,0,0,,,0
6323_R2_ACCTACCTCACCGGGT-1,6323_R2,0,low_single_type,1,0,0,,,0
6323_R2_ACCTACCTCGCGTTTC-1,6323_R2,1,low_single_type,1,1,1,,,1
6323_R2_ACCTGAAGTCGGTGAA-1,6323_R2,0,low_single_type,1,0,0,,,0
6323_R2_ACCTGAAGTGGTCAAG-1,6323_R2,0,low_single_type,1,0,0,,,0
6323_R2_ACCTGAATCAGAACCT-1,6323_R2,0,low_single_type,1,0,0,,,0
6323_R2_ACCTGTCAGTTGCCTA-1,6323_R2,0,low_single_type,1,0,0,,,0
6323_R2_ACGATCAAGAGGTCAC-1,6323_R2,0,low_single_type,1,0,0,,,0
6323_R2_ACGATCAAGCTTTGTG-1,6323_R2,0,low_single_type,1,0,0,,,0
6323_R2_ACGATCAAGGAAGTGA-1,6323_R2,0,low_single_type,1,0,0,,,0
6323_R2_ACGATCAGTACCTAGT-1,6323_R2,0,low_single_type,1,0,0,,,0
6323_R2_ACGATCAGTGCTGCAC-1,6323_R2,0,low_single_type,1,0,0,,,0
6323_R2_ACGATCATCAGACCCG-1,6323_R2,0,low_single_type,1,0,0,,,0
6323_R2_ACGATCATCATTTGGG-1,6323_R2,0,low_single_type,1,0,0,,,0
6323_R2_ACGATGTCAAGAGATT-1,6323_R2,0,low_single_type,1,0,0,,,0
6323_R2_ACGATGTGTAGTAAGT-1,6323_R2,0,low_single_type,1,0,0,,,0
6323_R2_ACGATGTGTGTTAACC-1,6323_R2,0,low_single_type,1,0,0,,,0
6323_R2_ACGCACGCACGAGGTA-1,6323_R2,0,low_single_type,1,0,0,,,0
6323_R2_ACGCACGGTATCGTTG-1,6323_R2,0,low_single_type,1,0,0,,,0
6323_R2_ACGCACGTCCGTTGAA-1,6323_R2,0,low_single_type,1,0,0,,,0
6323_R2_ACGGAAGCAGCTTCCT-1,6323_R2,0,low_single_type,1,0,0,,,0
6323_R2_ACGGAAGTCCGATAGT-1,6323_R2,0,low_single_type,1,0,0,,,0
6323_R2_ACGGAAGTCGCGTGCA-1,6323_R2,0,low_single_type,1,0,0,,,0
6323_R2_ACGGAAGTCTGCTCTG-1,6323_R2,0,low_single_type,1,0,0,,,0
6323_R2_ACGGGTCAGTCTGGAG-1,6323_R2,0,low_single_type,1,0,0,,,0
6323_R2_ACGGGTCGTTGCGGAA-1,6323_R2,0,low_single_type,1,0,0,,,0
6323_R2_ACGGTCGCACATATGC-1,6323_R2,0,low_single_type,1,0,0,,,0
6323_R2_ACGGTCGCACGTTGGC-1,6323_R2,0,low_single_type,1,0,0,,,0
6323_R2_ACGGTCGCAGAACGCA-1,6323_R2,0,low_single_type,1,0,0,,,0
6323_R2_ACGGTCGCAGTGTATC-1,6323_R2,0,low_single_type,1,0,0,,,0
6323_R2_ACGGTCGGTAACCCGC-1,6323_R2,0,low_single_type,1,0,0,,,0
6323_R2_ACGGTCGGTCTTGCGG-1,6323_R2,0,low_single_type,1,0,0,,,0
6323_R2_ACGGTCGGTTGCGGAA-1,6323_R2,0,low_single_type,1,0,0,,,0
6323_R2_ACGGTCGGTTGCTCAA-1,6323_R2,0,low_single_type,1,0,0,,,0
6323_R2_ACGGTTAAGAGGTCGT-1,6323_R2,0,low_single_type,1,0,0,,,0
6323_R2_ACGGTTAAGCACGTCC-1,6323_R2,0,low_single_type,1,0,0,,,0
6323_R2_ACGGTTACACTTGAGT-1,6323_R2,0,low_single_type,1,0,0,,,0
6323_R2_ACGGTTATCATGTCTT-1,6323_R2,1,low_single_type,1,1,1,,,1
6323_R2_ACGTAACAGTCGGCAA-1,6323_R2,0,low_single_type,1,0,0,,,0
6323_R2_ACGTAACCAAGCAGGT-1,6323_R2,0,low_single_type,1,0,0,,,0
6323_R2_ACGTAACCACACCGCA-1,6323_R2,0,low_single_type,1,0,0,,,0
6323_R2_ACGTAACCAGCATCTA-1,6323_R2,1,low_single_type,1,1,1,,,1
6323_R2_ACGTAACCATAAGCAA-1,6323_R2,0,low_single_type,1,0,0,,,0
6323_R2_ACGTAACGTCACTCAA-1,6323_R2,0,low_single_type,1,0,0,,,0
6323_R2_ACGTAACTCTCGTGAA-1,6323_R2,0,low_single_type,1,0,0,,,0
6323_R2_ACGTACAAGCTTTCTT-1,6323_R2,0,low_single_type,1,0,0,,,0
6323_R2_ACGTACACAGCAAGAC-1,6323_R2,0,low_single_type,1,0,0,,,0
6323_R2_ACGTACAGTTTCTATC-1,6323_R2,0,low_single_type,1,0,0,,,0
6323_R2_ACGTACATCTACTGAG-1,6323_R2,0,low_single_type,1,0,0,,,0
6323_R2_ACGTAGTAGATGGGCT-1,6323_R2,0,low_single_type,1,0,0,,,0
6323_R2_ACGTAGTTCGCCTAGG-1,6323_R2,0,low_single_type,1,0,0,,,0
6323_R2_ACGTAGTTCTCAGAAC-1,6323_R2,0,low_single_type,1,0,0,,,0
6323_R2_ACGTCCTAGAAGCCTG-1,6323_R2,0,low_single_type,1,0,0,,,0
6323_R2_ACGTCCTAGCCTATTG-1,6323_R2,0,low_single_type,1,0,0,,,0
6323_R2_ACGTCCTGTCCGGCAT-1,6323_R2,0,low_single_type,1,0,0,,,0
6323_R2_ACGTTCCAGAATCTAG-1,6323_R2,0,low_single_type,1,0,0,,,0
6323_R2_ACGTTCCCATTCCTAT-1,6323_R2,0,low_single_type,1,0,0,,,0
6323_R2_ACGTTCCTCCACTGGG-1,6323_R2,0,low_single_type,1,0,0,,,0
6323_R2_ACTACGAAGAATAACC-1,6323_R2,0,low_single_type,1,0,0,,,0
6323_R2_ACTACGATCTGGGCAC-1,6323_R2,0,low_single_type,1,0,0,,,0
6323_R2_ACTATCTGTACGCTAT-1,6323_R2,0,low_single_type,1,0,0,,,0
6323_R2_ACTATCTGTCGAACAG-1,6323_R2,0,low_single_type,1,0,0,,,0
6323_R2_ACTATGGAGCAGTCTT-1,6323_R2,0,low_single_type,1,0,0,,,0
6323_R2_ACTATGGAGTGATAAC-1,6323_R2,0,low_single_type,1,0,0,,,0
6323_R2_ACTATGGCAATGGCAG-1,6323_R2,0,low_single_type,1,0,0,,,0
6323_R2_ACTATGGCATCCTGTC-1,6323_R2,0,low_single_type,1,0,0,,,0
6323_R2_ACTATGGGTCCAACGC-1,6323_R2,0,low_single_type,1,0,0,,,0
6323_R2_ACTATGGGTCTTGTCC-1,6323_R2,0,low_single_type,1,0,0,,,0
6323_R2_ACTATGGTCAAGCTGT-1,6323_R2,0,low_single_type,1,0,0,,,0
6323_R2_ACTATGGTCTAGTCAG-1,6323_R2,0,low_single_type,1,0,0,,,0
6323_R2_ACTATTCGTAGGTACG-1,6323_R2,0,low_single_type,1,0,0,,,0
6323_R2_ACTATTCGTATGAAGT-1,6323_R2,0,low_single_type,1,0,0,,,0
6323_R2_ACTATTCTCGGACAAG-1,6323_R2,0,low_single_type,1,0,0,,,0
6323_R2_ACTATTCTCTAGCATG-1,6323_R2,0,low_single_type,1,0,0,,,0
6323_R2_ACTCCCAAGTAATTGG-1,6323_R2,0,low_single_type,1,0,0,,,0
6323_R2_ACTCCCACAATCGCAT-1,6323_R2,0,low_single_type,1,0,0,,,0
6323_R2_ACTCCCACACAAGTGG-1,6323_R2,0,low_single_type,1,0,0,,,0
6323_R2_ACTCCCAGTTGGGTAG-1,6323_R2,0,low_single_type,1,0,0,,,0
6323_R2_ACTCCCATCTGGCCTT-1,6323_R2,0,low_single_type,1,0,0,,,0
6323_R2_ACTCTCGAGATTAGTG-1,6323_R2,0,low_single_type,1,0,0,,,0
6323_R2_ACTCTCGCAAAGGCAC-1,6323_R2,0,low_single_type,1,0,0,,,0
6323_R2_ACTGCAAAGACGGATC-1,6323_R2,0,low_single_type,1,0,0,,,0
6323_R2_ACTGCAAAGCAGCAGT-1,6323_R2,0,low_single_type,1,0,0,,,0
6323_R2_ACTGCAACACAGCTTA-1,6323_R2,1,low_single_type,1,1,1,,,1
6323_R2_ACTGCAACAGCAGTAG-1,6323_R2,1,low_single_type,1,1,1,,,1
6323_R2_ACTGCAAGTTCTCGCT-1,6323_R2,0,low_single_type,1,0,0,,,0
6323_R2_ACTGCAATCGCACTCT-1,6323_R2,0,low_single_type,1,0,0,,,0
6323_R2_ACTGTCCCATTCTCTA-1,6323_R2,0,low_single_type,1,0,0,,,0
6323_R2_ACTGTGAAGGTTAGTA-1,6323_R2,0,low_single_type,1,0,0,,,0
6323_R2_ACTGTGATCTCTGACC-1,6323_R2,0,low_single_type,1,0,0,,,0
6323_R2_ACTTAGGAGTTGGGAC-1,6323_R2,1,low_single_type,1,1,1,,,1
6323_R2_ACTTAGGCACTACAGT-1,6323_R2,0,low_single_type,1,0,0,,,0
6323_R2_ACTTATCAGAGCAAGA-1,6323_R2,0,low_single_type,1,0,0,,,0
6323_R2_ACTTATCGTATCATGC-1,6323_R2,0,low_single_type,1,0,0,,,0
6323_R2_ACTTCCGCACGTAGAG-1,6323_R2,0,low_single_type,1,0,0,,,0
6323_R2_ACTTCCGTCTTAGCAG-1,6323_R2,0,low_single_type,1,0,0,,,0
6323_R2_ACTTCGCAGACCAGCA-1,6323_R2,0,low_single_type,1,0,0,,,0
6323_R2_ACTTCGCCAAACCGGA-1,6323_R2,0,low_single_type,1,0,0,,,0
6323_R2_ACTTCGCTCAATCTCT-1,6323_R2,0,low_single_type,1,0,0,,,0
6323_R2_ACTTTCAAGCGAGTAC-1,6323_R2,0,low_single_type,1,0,0,,,0
6323_R2_ACTTTCAAGGACAGTC-1,6323_R2,0,low_single_type,1,0,0,,,0
6323_R2_ACTTTCACAGGACTTT-1,6323_R2,0,low_single_type,1,0,0,,,0
6323_R2_ACTTTCATCATCTGTT-1,6323_R2,0,low_single_type,1,0,0,,,0
6323_R2_ACTTTCATCGAACGGA-1,6323_R2,0,low_single_type,1,0,0,,,0
6323_R2_ACTTTGTAGACGGAAA-1,6323_R2,0,low_single_type,1,0,0,,,0
6323_R2_ACTTTGTAGCAGAAAG-1,6323_R2,0,low_single_type,1,0,0,,,0
6323_R2_ACTTTGTAGCGATGGT-1,6323_R2,0,low_single_type,1,0,0,,,0
6323_R2_ACTTTGTAGCGTGTCC-1,6323_R2,1,low_single_type,1,1,1,,,1
6323_R2_ACTTTGTAGCTCATAC-1,6323_R2,0,low_single_type,1,0,0,,,0
6323_R2_ACTTTGTCAGGAGGAG-1,6323_R2,0,low_single_type,1,0,0,,,0
6323_R2_ACTTTGTGTGACCTGC-1,6323_R2,0,low_single_type,1,0,0,,,0
6323_R2_ACTTTGTTCATTACCT-1,6323_R2,0,low_single_type,1,0,0,,,0
6323_R2_AGAAATGCAAAGTGTA-1,6323_R2,0,low_single_type,1,0,0,,,0
6323_R2_AGAAATGCATAGACTC-1,6323_R2,0,low_single_type,1,0,0,,,0
6323_R2_AGAAATGCATTGAAGA-1,6323_R2,0,low_single_type,1,0,0,,,0
6323_R2_AGAAATGGTCACGTGC-1,6323_R2,1,low_single_type,1,1,1,,,1
6323_R2_AGAAATGGTCGGTAAG-1,6323_R2,0,low_single_type,1,0,0,,,0
6323_R2_AGAAATGTCCAAGAGG-1,6323_R2,0,low_single_type,1,0,0,,,0
6323_R2_AGAACAAAGGGCAACT-1,6323_R2,0,low_single_type,1,0,0,,,0
6323_R2_AGAACAACATCGGAGA-1,6323_R2,0,low_single_type,1,0,0,,,0
6323_R2_AGAACAATCGTAGTGT-1,6323_R2,0,low_single_type,1,0,0,,,0
6323_R2_AGAACCTCACTACACA-1,6323_R2,0,low_single_type,1,0,0,,,0
6323_R2_AGAACCTTCATTCGTT-1,6323_R2,0,low_single_type,1,0,0,,,0
6323_R2_AGAACCTTCGACACTA-1,6323_R2,0,low_single_type,1,0,0,,,0
6323_R2_AGAAGCGAGGCACTAG-1,6323_R2,0,low_single_type,1,0,0,,,0
6323_R2_AGAAGCGCACAGCCAC-1,6323_R2,0,low_single_type,1,0,0,,,0
6323_R2_AGAAGCGGTACTGACT-1,6323_R2,0,low_single_type,1,0,0,,,0
6323_R2_AGAAGCGGTAGTACGG-1,6323_R2,0,low_single_type,1,0,0,,,0
6323_R2_AGAAGCGTCGATTGGT-1,6323_R2,0,low_single_type,1,0,0,,,0
6323_R2_AGAAGCGTCGGTAAGG-1,6323_R2,0,low_single_type,1,0,0,,,0
6323_R2_AGAAGTAAGCGAATGC-1,6323_R2,0,low_single_type,1,0,0,,,0
6323_R2_AGACAAAAGTCTGCGC-1,6323_R2,0,low_single_type,1,0,0,,,0
6323_R2_AGACAAACAAGCGAAC-1,6323_R2,0,low_single_type,1,0,0,,,0
6323_R2_AGACAAAGTATTTCTC-1,6323_R2,0,low_single_type,1,0,0,,,0
6323_R2_AGACAAAGTGGGTCAA-1,6323_R2,0,low_single_type,1,0,0,,,0
6323_R2_AGACAAAGTTAATGAG-1,6323_R2,0,low_single_type,1,0,0,,,0
6323_R2_AGACACTAGGCTATCT-1,6323_R2,0,low_single_type,1,0,0,,,0
6323_R2_AGACAGGAGTATGAGT-1,6323_R2,0,low_single_type,1,0,0,,,0
6323_R2_AGACAGGCAAGTGGAC-1,6323_R2,0,low_single_type,1,0,0,,,0
6323_R2_AGACAGGCAGAAGCTG-1,6323_R2,0,low_single_type,1,0,0,,,0
6323_R2_AGACCATAGATACAGT-1,6323_R2,0,low_single_type,1,0,0,,,0
6323_R2_AGACCATCAGTTGTCA-1,6323_R2,0,low_single_type,1,0,0,,,0
6323_R2_AGACCATCATTCTGTT-1,6323_R2,0,low_single_type,1,0,0,,,0
6323_R2_AGACCATGTAGCGATG-1,6323_R2,0,low_single_type,1,0,0,,,0
6323_R2_AGACCCGAGATCGCCC-1,6323_R2,0,low_single_type,1,0,0,,,0
6323_R2_AGACCCGGTAGGCAGT-1,6323_R2,0,low_single_type,1,0,0,,,0
6323_R2_AGACCCGGTTCAAACC-1,6323_R2,0,low_single_type,1,0,0,,,0
6323_R2_AGACCCGTCCGATCTC-1,6323_R2,0,low_single_type,1,0,0,,,0
6323_R2_AGACCCGTCTTCTTCC-1,6323_R2,0,low_single_type,1,0,0,,,0
6323_R2_AGACTCAAGAAGCGCT-1,6323_R2,0,low_single_type,1,0,0,,,0
6323_R2_AGACTCAAGTATGGCG-1,6323_R2,0,low_single_type,1,0,0,,,0
6323_R2_AGACTCACACAAGTGG-1,6323_R2,0,low_single_type,1,0,0,,,0
6323_R2_AGAGAATAGTATGGCG-1,6323_R2,0,low_single_type,1,0,0,,,0
6323_R2_AGAGAATAGTGCAAAT-1,6323_R2,0,low_single_type,1,0,0,,,0
6323_R2_AGAGAATCAGAGCTAG-1,6323_R2,0,low_single_type,1,0,0,,,0
6323_R2_AGAGAATGTCCTTAAG-1,6323_R2,0,low_single_type,1,0,0,,,0
6323_R2_AGAGAATTCCGTCCTA-1,6323_R2,0,low_single_type,1,0,0,,,0
6323_R2_AGAGAGCCAGGAGGAG-1,6323_R2,0,low_single_type,1,0,0,,,0
6323_R2_AGAGAGCGTGAATATG-1,6323_R2,0,low_single_type,1,0,0,,,0
6323_R2_AGAGCAGCACCTCTAC-1,6323_R2,0,low_single_type,1,0,0,,,0
6323_R2_AGAGCAGTCACCCATC-1,6323_R2,0,low_single_type,1,0,0,,,0
6323_R2_AGAGCAGTCGAGAGCA-1,6323_R2,0,low_single_type,1,0,0,,,0
6323_R2_AGAGCAGTCTTCGTGC-1,6323_R2,0,low_single_type,1,0,0,,,0
6323_R2_AGATAGAAGTTCCGGC-1,6323_R2,0,low_single_type,1,0,0,,,0
6323_R2_AGATAGAGTAAGTTGA-1,6323_R2,0,low_single_type,1,0,0,,,0
6323_R2_AGATAGAGTCGCTTAA-1,6323_R2,0,low_single_type,1,0,0,,,0
6323_R2_AGATAGATCCTTATGT-1,6323_R2,0,low_single_type,1,0,0,,,0
6323_R2_AGATAGATCTCTGACC-1,6323_R2,0,low_single_type,1,0,0,,,0
6323_R2_AGATCCACATCGAACT-1,6323_R2,0,low_single_type,1,0,0,,,0
6323_R2_AGATCCAGTCCAGGTC-1,6323_R2,0,low_single_type,1,0,0,,,0
6323_R2_AGATCCAGTCCGTACG-1,6323_R2,0,low_single_type,1,0,0,,,0
6323_R2_AGATCCAGTGATATAG-1,6323_R2,0,low_single_type,1,0,0,,,0
6323_R2_AGATCCAGTGTATACC-1,6323_R2,0,low_single_type,1,0,0,,,0
6323_R2_AGATCGTGTATGAGGC-1,6323_R2,0,low_single_type,1,0,0,,,0
6323_R2_AGATGAACACTTCATT-1,6323_R2,0,low_single_type,1,0,0,,,0
6323_R2_AGATGAAGTCGCTGCA-1,6323_R2,0,low_single_type,1,0,0,,,0
6323_R2_AGATGAAGTTACGTAC-1,6323_R2,0,low_single_type,1,0,0,,,0
6323_R2_AGATGAATCCAGCAAT-1,6323_R2,0,low_single_type,1,0,0,,,0
6323_R2_AGATGAATCCGCGAGT-1,6323_R2,0,low_single_type,1,0,0,,,0
6323_R2_AGATGCTAGCGTTACT-1,6323_R2,0,low_single_type,1,0,0,,,0
6323_R2_AGATGCTCAAGAGTAT-1,6323_R2,0,low_single_type,1,0,0,,,0
6323_R2_AGATGCTGTTAGTCGT-1,6323_R2,0,low_single_type,1,0,0,,,0
6323_R2_AGATGCTGTTCGAGCC-1,6323_R2,0,low_single_type,1,0,0,,,0
6323_R2_AGATGCTTCAGCTCTC-1,6323_R2,0,low_single_type,1,0,0,,,0
6323_R2_AGATGCTTCTGCAGCG-1,6323_R2,0,low_single_type,1,0,0,,,0
6323_R2_AGCATCACACTGTTCC-1,6323_R2,0,low_single_type,1,0,0,,,0
6323_R2_AGCATCAGTAGACGTG-1,6323_R2,0,low_single_type,1,0,0,,,0
6323_R2_AGCCAATGTAGGTACG-1,6323_R2,0,low_single_type,1,0,0,,,0
6323_R2_AGCCACGAGAAGGATG-1,6323_R2,0,low_single_type,1,0,0,,,0
6323_R2_AGCCACGAGGTACAGC-1,6323_R2,0,low_single_type,1,0,0,,,0
6323_R2_AGCCACGAGTTCGGTT-1,6323_R2,0,low_single_type,1,0,0,,,0
6323_R2_AGCCACGTCTCCTGAC-1,6323_R2,0,low_single_type,1,0,0,,,0
6323_R2_AGCCACGTCTTTACAC-1,6323_R2,0,low_single_type,1,0,0,,,0
6323_R2_AGCCAGCAGATGGTCG-1,6323_R2,0,low_single_type,1,0,0,,,0
6323_R2_AGCGATTAGCATTGAA-1,6323_R2,0,low_single_type,1,0,0,,,0
6323_R2_AGCGATTAGCTGCCTG-1,6323_R2,0,low_single_type,1,0,0,,,0
6323_R2_AGCGATTGTTACCGTA-1,6323_R2,0,low_single_type,1,0,0,,,0
6323_R2_AGCGATTTCAGGTAAA-1,6323_R2,0,low_single_type,1,0,0,,,0
6323_R2_AGCGATTTCATCGCAA-1,6323_R2,0,low_single_type,1,0,0,,,0
6323_R2_AGCGATTTCCGATGCG-1,6323_R2,0,low_single_type,1,0,0,,,0
6323_R2_AGCGCCACAACTCATG-1,6323_R2,0,low_single_type,1,0,0,,,0
6323_R2_AGCGCCACACATGGTT-1,6323_R2,0,low_single_type,1,0,0,,,0
6323_R2_AGCGCCAGTAGGTAGC-1,6323_R2,0,low_single_type,1,0,0,,,0
6323_R2_AGCGCCATCACTCCGT-1,6323_R2,0,low_single_type,1,0,0,,,0
6323_R2_AGCGCTGAGGTTATAG-1,6323_R2,0,low_single_type,1,0,0,,,0
6323_R2_AGCGTATAGGCAGGGA-1,6323_R2,0,low_single_type,1,0,0,,,0
6323_R2_AGCGTATCACTTGAGT-1,6323_R2,0,low_single_type,1,0,0,,,0
6323_R2_AGCGTATGTATGCTTG-1,6323_R2,0,low_single_type,1,0,0,,,0
6323_R2_AGCGTATGTCCAAGAG-1,6323_R2,0,low_single_type,1,0,0,,,0
6323_R2_AGCGTATGTTATGTCG-1,6323_R2,0,low_single_type,1,0,0,,,0
6323_R2_AGCGTATTCTAGGAAA-1,6323_R2,0,low_single_type,1,0,0,,,0
6323_R2_AGCGTCGCAAATTGGA-1,6323_R2,0,low_single_type,1,0,0,,,0
6323_R2_AGCGTCGCAAGGTTGG-1,6323_R2,0,low_single_type,1,0,0,,,0
6323_R2_AGCGTCGGTGGTGATG-1,6323_R2,0,low_single_type,1,0,0,,,0
6323_R2_AGCGTCGTCCACAGCG-1,6323_R2,0,low_single_type,1,0,0,,,0
6323_R2_AGCTACACACTTTAGG-1,6323_R2,0,low_single_type,1,0,0,,,0
6323_R2_AGCTACAGTAACCCTA-1,6323_R2,0,low_single_type,1,0,0,,,0
6323_R2_AGCTACAGTAGAGACC-1,6323_R2,0,low_single_type,1,0,0,,,0
6323_R2_AGCTACATCAAACCTG-1,6323_R2,0,low_single_type,1,0,0,,,0
6323_R2_AGCTCAACACCGTGGT-1,6323_R2,0,low_single_type,1,0,0,,,0
6323_R2_AGCTCAACAGAAGCTG-1,6323_R2,1,low_single_type,1,1,1,,,1
6323_R2_AGCTCAATCATCCTGC-1,6323_R2,0,low_single_type,1,0,0,,,0
6323_R2_AGCTCAATCTCGGGAC-1,6323_R2,1,low_single_type,1,1,1,,,1
6323_R2_AGCTTCCGTGTCTTGA-1,6323_R2,0,low_single_type,1,0,0,,,0
6323_R2_AGCTTCCTCAGGAACG-1,6323_R2,0,low_single_type,1,0,0,,,0
6323_R2_AGCTTCCTCGCTTAAG-1,6323_R2,0,low_single_type,1,0,0,,,0
6323_R2_AGGAAATAGATTACCC-1,6323_R2,0,low_single_type,1,0,0,,,0
6323_R2_AGGAAATAGCAATTCC-1,6323_R2,0,low_single_type,1,0,0,,,0
6323_R2_AGGAAATCAACCGCTG-1,6323_R2,0,low_single_type,1,0,0,,,0
6323_R2_AGGAAATCACCCTAGG-1,6323_R2,0,low_single_type,1,0,0,,,0
6323_R2_AGGAAATCATGGCCCA-1,6323_R2,0,low_single_type,1,0,0,,,0
6323_R2_AGGAAATCATGTTTGG-1,6323_R2,0,low_single_type,1,0,0,,,0
6323_R2_AGGAAATGTAGTCCTA-1,6323_R2,0,low_single_type,1,0,0,,,0
6323_R2_AGGAAATGTATTGACC-1,6323_R2,0,low_single_type,1,0,0,,,0
6323_R2_AGGAAATGTCACTGAT-1,6323_R2,0,low_single_type,1,0,0,,,0
6323_R2_AGGAAATGTTCGAACT-1,6323_R2,0,low_single_type,1,0,0,,,0
6323_R2_AGGAAATTCCCATAAG-1,6323_R2,1,low_single_type,1,1,1,,,1
6323_R2_AGGAAATTCGAATCCA-1,6323_R2,0,low_single_type,1,0,0,,,0
6323_R2_AGGAATAAGATCCTAC-1,6323_R2,0,low_single_type,1,0,0,,,0
6323_R2_AGGAATACAATAGGAT-1,6323_R2,0,low_single_type,1,0,0,,,0
6323_R2_AGGAATACACTGTTCC-1,6323_R2,0,low_single_type,1,0,0,,,0
6323_R2_AGGAATACAGAATCGG-1,6323_R2,0,low_single_type,1,0,0,,,0
6323_R2_AGGAATATCCCTGGTT-1,6323_R2,0,low_single_type,1,0,0,,,0
6323_R2_AGGAATATCCTGGGTG-1,6323_R2,0,low_single_type,1,0,0,,,0
6323_R2_AGGAATATCCTGTAGA-1,6323_R2,0,low_single_type,1,0,0,,,0
6323_R2_AGGAATATCTGCGTCT-1,6323_R2,0,low_single_type,1,0,0,,,0
6323_R2_AGGACGAAGTGGTTAA-1,6323_R2,1,low_single_type,1,1,1,,,1
6323_R2_AGGACGACATTGAAAG-1,6323_R2,0,low_single_type,1,0,0,,,0
6323_R2_AGGACGACATTGACTG-1,6323_R2,0,low_single_type,1,0,0,,,0
6323_R2_AGGACGAGTCACTTCC-1,6323_R2,0,low_single_type,1,0,0,,,0
6323_R2_AGGACGAGTCCCTAAA-1,6323_R2,0,low_single_type,1,0,0,,,0
6323_R2_AGGACGAGTCCTACGG-1,6323_R2,0,low_single_type,1,0,0,,,0
6323_R2_AGGACGAGTTTAGACC-1,6323_R2,0,low_single_type,1,0,0,,,0
6323_R2_AGGACTTAGAGGCCAT-1,6323_R2,0,low_single_type,1,0,0,,,0
6323_R2_AGGACTTAGGGAGAAT-1,6323_R2,0,low_single_type,1,0,0,,,0
6323_R2_AGGACTTAGGGAGGAC-1,6323_R2,0,low_single_type,1,0,0,,,0
6323_R2_AGGACTTCATCGGAGA-1,6323_R2,0,low_single_type,1,0,0,,,0
6323_R2_AGGAGGTAGCGTCAGA-1,6323_R2,0,low_single_type,1,0,0,,,0
6323_R2_AGGAGGTAGGGATGTC-1,6323_R2,1,low_single_type,1,1,1,,,1
6323_R2_AGGAGGTGTCCTCCAT-1,6323_R2,0,low_single_type,1,0,0,,,0
6323_R2_AGGAGGTGTTTCCAAG-1,6323_R2,0,low_single_type,1,0,0,,,0
6323_R2_AGGAGGTTCACTACGA-1,6323_R2,1,low_single_type,1,1,1,,,1
6323_R2_AGGATAAAGATCACCT-1,6323_R2,0,low_single_type,1,0,0,,,0
6323_R2_AGGATAACAGCCTATA-1,6323_R2,0,low_single_type,1,0,0,,,0
6323_R2_AGGATAACATGTTACG-1,6323_R2,0,low_single_type,1,0,0,,,0
6323_R2_AGGATCTAGTATTCCG-1,6323_R2,0,low_single_type,1,0,0,,,0
6323_R2_AGGATCTGTGAAGCTG-1,6323_R2,0,low_single_type,1,0,0,,,0
6323_R2_AGGCATTAGTTAGTAG-1,6323_R2,0,low_single_type,1,0,0,,,0
6323_R2_AGGCATTCATAGGTTC-1,6323_R2,0,low_single_type,1,0,0,,,0
6323_R2_AGGCATTTCTTCTTCC-1,6323_R2,0,low_single_type,1,0,0,,,0
6323_R2_AGGCCACAGCATCTTG-1,6323_R2,0,low_single_type,1,0,0,,,0
6323_R2_AGGCCACAGCTTAAGA-1,6323_R2,0,low_single_type,1,0,0,,,0
6323_R2_AGGCCACAGGGTCAAC-1,6323_R2,0,low_single_type,1,0,0,,,0
6323_R2_AGGCCACCATCAGTCA-1,6323_R2,0,low_single_type,1,0,0,,,0
6323_R2_AGGCCACGTACATACC-1,6323_R2,0,low_single_type,1,0,0,,,0
6323_R2_AGGCCACTCACCTTAT-1,6323_R2,0,low_single_type,1,0,0,,,0
6323_R2_AGGCCACTCCAGCTCT-1,6323_R2,0,low_single_type,1,0,0,,,0
6323_R2_AGGCCACTCCCTCAAC-1,6323_R2,0,low_single_type,1,0,0,,,0
6323_R2_AGGCTGCAGAAGCCTG-1,6323_R2,0,low_single_type,1,0,0,,,0
6323_R2_AGGCTGCAGCGATTCT-1,6323_R2,0,low_single_type,1,0,0,,,0
6323_R2_AGGCTGCAGGCACTAG-1,6323_R2,0,low_single_type,1,0,0,,,0
6323_R2_AGGCTGCAGTATGTAG-1,6323_R2,0,low_single_type,1,0,0,,,0
6323_R2_AGGCTGCAGTCTTCGA-1,6323_R2,0,low_single_type,1,0,0,,,0
6323_R2_AGGCTGCAGTGCGTCC-1,6323_R2,0,low_single_type,1,0,0,,,0
6323_R2_AGGCTGCCAATGTCTG-1,6323_R2,0,low_single_type,1,0,0,,,0
6323_R2_AGGCTGCGTTAAACAG-1,6323_R2,0,low_single_type,1,0,0,,,0
6323_R2_AGGCTGCGTTGGACTT-1,6323_R2,0,low_single_type,1,0,0,,,0
6323_R2_AGGCTGCTCTAAGCCA-1,6323_R2,0,low_single_type,1,0,0,,,0
6323_R2_AGGGAGTAGGACACTG-1,6323_R2,0,low_single_type,1,0,0,,,0
6323_R2_AGGGAGTAGGACTAAT-1,6323_R2,0,low_single_type,1,0,0,,,0
6323_R2_AGGGAGTAGGATACAT-1,6323_R2,0,low_single_type,1,0,0,,,0
6323_R2_AGGGAGTAGTATAGAC-1,6323_R2,0,low_single_type,1,0,0,,,0
6323_R2_AGGGAGTAGTTAACGA-1,6323_R2,0,low_single_type,1,0,0,,,0
6323_R2_AGGGAGTGTAGCCCTG-1,6323_R2,0,low_single_type,1,0,0,,,0
6323_R2_AGGGAGTTCTCCTGAC-1,6323_R2,0,low_single_type,1,0,0,,,0
6323_R2_AGGGCCTAGTCTTGGT-1,6323_R2,0,low_single_type,1,0,0,,,0
6323_R2_AGGGCCTTCCGAACGC-1,6323_R2,0,low_single_type,1,0,0,,,0
6323_R2_AGGGCTCAGTGGTGAC-1,6323_R2,0,low_single_type,1,0,0,,,0
6323_R2_AGGGCTCGTAGGCTGA-1,6323_R2,0,low_single_type,1,0,0,,,0
6323_R2_AGGGTCCGTTGCATGT-1,6323_R2,0,low_single_type,1,0,0,,,0
6323_R2_AGGGTCCTCCGTATAG-1,6323_R2,0,low_single_type,1,0,0,,,0
6323_R2_AGGGTCCTCGCTATTT-1,6323_R2,0,low_single_type,1,0,0,,,0
6323_R2_AGGGTCCTCGTTCTAT-1,6323_R2,0,low_single_type,1,0,0,,,0
6323_R2_AGGGTGAAGTGAGGCT-1,6323_R2,0,low_single_type,1,0,0,,,0
6323_R2_AGGGTGACAGAGGCAT-1,6323_R2,0,low_single_type,1,0,0,,,0
6323_R2_AGGGTGACAGATCACT-1,6323_R2,0,low_single_type,1,0,0,,,0
6323_R2_AGGGTTTAGTCGAATA-1,6323_R2,0,low_single_type,1,0,0,,,0
6323_R2_AGGGTTTGTAACTTCG-1,6323_R2,0,low_single_type,1,0,0,,,0
6323_R2_AGGGTTTGTAGGAGTC-1,6323_R2,1,low_single_type,1,1,1,,,1
6323_R2_AGGTAGGAGACCAACG-1,6323_R2,0,low_single_type,1,0,0,,,0
6323_R2_AGGTAGGGTGCGGTAA-1,6323_R2,0,low_single_type,1,0,0,,,0
6323_R2_AGGTAGGTCTCCAAGA-1,6323_R2,0,low_single_type,1,0,0,,,0
6323_R2_AGGTCATAGTGAGTTA-1,6323_R2,0,low_single_type,1,0,0,,,0
6323_R2_AGGTCATGTATCGCTA-1,6323_R2,0,low_single_type,1,0,0,,,0
6323_R2_AGGTCTAAGATGACAT-1,6323_R2,0,low_single_type,1,0,0,,,0
6323_R2_AGGTCTAAGCAAACAT-1,6323_R2,0,low_single_type,1,0,0,,,0
6323_R2_AGGTCTAAGGCTTAAA-1,6323_R2,0,low_single_type,1,0,0,,,0
6323_R2_AGGTCTACAGACAAGC-1,6323_R2,0,low_single_type,1,0,0,,,0
6323_R2_AGGTCTAGTAGTGGCA-1,6323_R2,0,low_single_type,1,0,0,,,0
6323_R2_AGGTCTAGTGGACCAA-1,6323_R2,0,low_single_type,1,0,0,,,0
6323_R2_AGGTCTAGTTGTCTAG-1,6323_R2,0,low_single_type,1,0,0,,,0
6323_R2_AGGTCTATCAGATTGC-1,6323_R2,1,low_single_type,1,1,1,,,1
6323_R2_AGGTCTATCGGCAGTC-1,6323_R2,0,low_single_type,1,0,0,,,0
6323_R2_AGGTGTTAGACGGTCA-1,6323_R2,0,low_single_type,1,0,0,,,0
6323_R2_AGGTGTTCACCCTCTA-1,6323_R2,0,low_single_type,1,0,0,,,0
6323_R2_AGGTGTTCATAACGGG-1,6323_R2,0,low_single_type,1,0,0,,,0
6323_R2_AGGTTACCAAATCAAG-1,6323_R2,0,low_single_type,1,0,0,,,0
6323_R2_AGGTTACCAGACAATA-1,6323_R2,0,low_single_type,1,0,0,,,0
6323_R2_AGGTTACGTAGCTGCC-1,6323_R2,0,low_single_type,1,0,0,,,0
6323_R2_AGGTTACGTTTGGCTA-1,6323_R2,0,low_single_type,1,0,0,,,0
6323_R2_AGGTTACTCCCAAGCG-1,6323_R2,0,low_single_type,1,0,0,,,0
6323_R2_AGGTTGTAGACGTCGA-1,6323_R2,0,low_single_type,1,0,0,,,0
6323_R2_AGGTTGTAGCTCACTA-1,6323_R2,0,low_single_type,1,0,0,,,0
6323_R2_AGGTTGTCACAAAGTA-1,6323_R2,0,low_single_type,1,0,0,,,0
6323_R2_AGGTTGTGTTCAATCG-1,6323_R2,0,low_single_type,1,0,0,,,0
6323_R2_AGTAACCCAGCACACC-1,6323_R2,0,low_single_type,1,0,0,,,0
6323_R2_AGTAACCGTGAACCGA-1,6323_R2,0,low_single_type,1,0,0,,,0
6323_R2_AGTACCACAAACTAGA-1,6323_R2,0,low_single_type,1,0,0,,,0
6323_R2_AGTACCAGTTACACTG-1,6323_R2,0,low_single_type,1,0,0,,,0
6323_R2_AGTACCATCCGAGTGC-1,6323_R2,0,low_single_type,1,0,0,,,0
6323_R2_AGTACCATCTAGTCAG-1,6323_R2,0,low_single_type,1,0,0,,,0
6323_R2_AGTACTGAGTTGTCAC-1,6323_R2,0,low_single_type,1,0,0,,,0
6323_R2_AGTACTGCAACCACGC-1,6323_R2,0,low_single_type,1,0,0,,,0
6323_R2_AGTACTGCAGCAAGAC-1,6323_R2,0,low_single_type,1,0,0,,,0
6323_R2_AGTACTGCAGCGGTCT-1,6323_R2,0,low_single_type,1,0,0,,,0
6323_R2_AGTACTGGTGGCTGCT-1,6323_R2,0,low_single_type,1,0,0,,,0
6323_R2_AGTACTGGTTACCCTC-1,6323_R2,0,low_single_type,1,0,0,,,0
6323_R2_AGTACTGTCTCCCATG-1,6323_R2,0,low_single_type,1,0,0,,,0
6323_R2_AGTACTGTCTCCGCAT-1,6323_R2,0,low_single_type,1,0,0,,,0
6323_R2_AGTAGCTCATGTGACT-1,6323_R2,1,low_single_type,1,1,1,,,1
6323_R2_AGTAGTCAGACCCTTA-1,6323_R2,0,low_single_type,1,0,0,,,0
6323_R2_AGTAGTCAGCCTCTCT-1,6323_R2,0,low_single_type,1,0,0,,,0
6323_R2_AGTAGTCGTTAACAGA-1,6323_R2,0,low_single_type,1,0,0,,,0
6323_R2_AGTAGTCGTTACAGCT-1,6323_R2,0,low_single_type,1,0,0,,,0
6323_R2_AGTAGTCTCAAATGCC-1,6323_R2,0,low_single_type,1,0,0,,,0
6323_R2_AGTAGTCTCCAATCCC-1,6323_R2,0,low_single_type,1,0,0,,,0
6323_R2_AGTAGTCTCGCTAAAC-1,6323_R2,0,low_single_type,1,0,0,,,0
6323_R2_AGTAGTCTCTCGTGAA-1,6323_R2,0,low_single_type,1,0,0,,,0
6323_R2_AGTAGTCTCTTCACGC-1,6323_R2,0,low_single_type,1,0,0,,,0
6323_R2_AGTCAACAGAAGGGAT-1,6323_R2,0,low_single_type,1,0,0,,,0
6323_R2_AGTCAACGTCTGCGCA-1,6323_R2,0,low_single_type,1,0,0,,,0
6323_R2_AGTCAACGTGTATACC-1,6323_R2,0,low_single_type,1,0,0,,,0
6323_R2_AGTCAACTCCTACTGC-1,6323_R2,0,low_single_type,1,0,0,,,0
6323_R2_AGTCAACTCGAGGCAA-1,6323_R2,1,low_single_type,1,1,1,,,1
6323_R2_AGTCACAAGGAAGTGA-1,6323_R2,0,low_single_type,1,0,0,,,0
6323_R2_AGTCACAAGGCTCTAT-1,6323_R2,0,low_single_type,1,0,0,,,0
6323_R2_AGTCACAAGTTCATGC-1,6323_R2,0,low_single_type,1,0,0,,,0
6323_R2_AGTCACACAGGAATCG-1,6323_R2,0,low_single_type,1,0,0,,,0
6323_R2_AGTCACACATTAAAGG-1,6323_R2,0,low_single_type,1,0,0,,,0
6323_R2_AGTCACAGTGCAGATG-1,6323_R2,0,low_single_type,1,0,0,,,0
6323_R2_AGTCACATCGCCGTGA-1,6323_R2,0,low_single_type,1,0,0,,,0
6323_R2_AGTCACATCTCAGAAC-1,6323_R2,0,low_single_type,1,0,0,,,0
6323_R2_AGTCATGGTTCGTTCC-1,6323_R2,0,low_single_type,1,0,0,,,0
6323_R2_AGTCTCCAGGCTGTAG-1,6323_R2,0,low_single_type,1,0,0,,,0
6323_R2_AGTCTCCAGGTGGCTA-1,6323_R2,0,low_single_type,1,0,0,,,0
6323_R2_AGTCTCCCATAATGAG-1,6323_R2,0,low_single_type,1,0,0,,,0
6323_R2_AGTCTCCCATGTTACG-1,6323_R2,0,low_single_type,1,0,0,,,0
6323_R2_AGTCTCCTCAAAGCCT-1,6323_R2,0,low_single_type,1,0,0,,,0
6323_R2_AGTCTCCTCAATCTTC-1,6323_R2,0,low_single_type,1,0,0,,,0
6323_R2_AGTGATCAGACGAGCT-1,6323_R2,0,low_single_type,1,0,0,,,0
6323_R2_AGTGATCAGTTTGTCG-1,6323_R2,0,low_single_type,1,0,0,,,0
6323_R2_AGTGATCCAAGGTCAG-1,6323_R2,0,low_single_type,1,0,0,,,0
6323_R2_AGTGATCCAATTTCCT-1,6323_R2,0,low_single_type,1,0,0,,,0
6323_R2_AGTGATCGTAAGTTAG-1,6323_R2,0,low_single_type,1,0,0,,,0
6323_R2_AGTGATCGTGTGTGGA-1,6323_R2,0,low_single_type,1,0,0,,,0
6323_R2_AGTGATCTCATGCTAG-1,6323_R2,0,low_single_type,1,0,0,,,0
6323_R2_AGTGATCTCTAGCCAA-1,6323_R2,0,low_single_type,1,0,0,,,0
6323_R2_AGTGCCGAGAGGACTC-1,6323_R2,0,low_single_type,1,0,0,,,0
6323_R2_AGTGCCGGTACTCGCG-1,6323_R2,0,low_single_type,1,0,0,,,0
6323_R2_AGTGCCGGTAGCGATG-1,6323_R2,0,low_single_type,1,0,0,,,0
6323_R2_AGTGCCGGTTCGATTG-1,6323_R2,0,low_single_type,1,0,0,,,0
6323_R2_AGTGCCGTCAAGAATG-1,6323_R2,0,low_single_type,1,0,0,,,0
6323_R2_AGTGTTGAGTAGGATT-1,6323_R2,0,low_single_type,1,0,0,,,0
6323_R2_AGTGTTGGTGCATGAG-1,6323_R2,1,low_single_type,1,1,1,,,1
6323_R2_AGTTAGCAGACCTCAT-1,6323_R2,0,low_single_type,1,0,0,,,0
6323_R2_AGTTAGCAGGAGCTGT-1,6323_R2,0,low_single_type,1,0,0,,,0
6323_R2_AGTTAGCCACAGGATG-1,6323_R2,0,low_single_type,1,0,0,,,0
6323_R2_AGTTAGCGTAGTAAGT-1,6323_R2,0,low_single_type,1,0,0,,,0
6323_R2_AGTTAGCTCAGAGTGG-1,6323_R2,0,low_single_type,1,0,0,,,0
6323_R2_AGTTAGCTCCGATCGG-1,6323_R2,0,low_single_type,1,0,0,,,0
6323_R2_AGTTCCCAGATTCGAA-1,6323_R2,0,low_single_type,1,0,0,,,0
6323_R2_AGTTCCCAGGGATCAC-1,6323_R2,1,low_single_type,1,1,1,,,1
6323_R2_AGTTCCCTCTCCCATG-1,6323_R2,0,low_single_type,1,0,0,,,0
6323_R2_AGTTCGAAGGAAACGA-1,6323_R2,0,low_single_type,1,0,0,,,0
6323_R2_AGTTCGACACGGTGCT-1,6323_R2,0,low_single_type,1,0,0,,,0
6323_R2_AGTTCGACACTTTATC-1,6323_R2,0,low_single_type,1,0,0,,,0
6323_R2_AGTTCGACAGCTCGGT-1,6323_R2,0,low_single_type,1,0,0,,,0
6323_R2_AGTTCGAGTTAGGCCC-1,6323_R2,0,low_single_type,1,0,0,,,0
6323_R2_AGTTCGATCCTGTAGA-1,6323_R2,0,low_single_type,1,0,0,,,0
6323_R2_ATACCGACACTGGCCA-1,6323_R2,0,low_single_type,1,0,0,,,0
6323_R2_ATACCGACATCTATCT-1,6323_R2,0,low_single_type,1,0,0,,,0
6323_R2_ATACCGATCAGGAACG-1,6323_R2,0,low_single_type,1,0,0,,,0
6323_R2_ATACCGATCCATCTAT-1,6323_R2,0,low_single_type,1,0,0,,,0
6323_R2_ATACCTTAGAAATTGC-1,6323_R2,0,low_single_type,1,0,0,,,0
6323_R2_ATACCTTCAGGACTAG-1,6323_R2,0,low_single_type,1,0,0,,,0
6323_R2_ATACCTTGTCTCCCTA-1,6323_R2,0,low_single_type,1,0,0,,,0
6323_R2_ATACCTTGTGAGTGAC-1,6323_R2,0,low_single_type,1,0,0,,,0
6323_R2_ATACCTTTCGCTAGCG-1,6323_R2,0,low_single_type,1,0,0,,,0
6323_R2_ATACTTCCAACCTAAC-1,6323_R2,0,low_single_type,1,0,0,,,0
6323_R2_ATACTTCCAAGCACAG-1,6323_R2,0,low_single_type,1,0,0,,,0
6323_R2_ATACTTCTCGGACGTC-1,6323_R2,0,low_single_type,1,0,0,,,0
6323_R2_ATAGACCGTGTTAGCT-1,6323_R2,0,low_single_type,1,0,0,,,0
6323_R2_ATAGACCGTTACCGTA-1,6323_R2,0,low_single_type,1,0,0,,,0
6323_R2_ATAGACCGTTAGAGAT-1,6323_R2,0,low_single_type,1,0,0,,,0
6323_R2_ATAGACCTCATGGCCG-1,6323_R2,1,low_single_type,1,1,1,,,1
6323_R2_ATAGACCTCCTCAGAA-1,6323_R2,0,low_single_type,1,0,0,,,0
6323_R2_ATAGACCTCGATACTG-1,6323_R2,0,low_single_type,1,0,0,,,0
6323_R2_ATAGAGAAGGCACTCC-1,6323_R2,0,low_single_type,1,0,0,,,0
6323_R2_ATAGAGAGTATGGTAA-1,6323_R2,0,low_single_type,1,0,0,,,0
6323_R2_ATAGAGATCCAAGAGG-1,6323_R2,0,low_single_type,1,0,0,,,0
6323_R2_ATAGGCTAGATTGACA-1,6323_R2,0,low_single_type,1,0,0,,,0
6323_R2_ATAGGCTAGGGTACGT-1,6323_R2,0,low_single_type,1,0,0,,,0
6323_R2_ATAGGCTAGTCCCGGT-1,6323_R2,0,low_single_type,1,0,0,,,0
6323_R2_ATAGGCTGTCGCATCG-1,6323_R2,0,low_single_type,1,0,0,,,0
6323_R2_ATAGGCTTCACTGAAC-1,6323_R2,0,low_single_type,1,0,0,,,0
6323_R2_ATATCCTCAATCCTAG-1,6323_R2,0,low_single_type,1,0,0,,,0
6323_R2_ATATCCTCAGTGTGGA-1,6323_R2,0,low_single_type,1,0,0,,,0
6323_R2_ATATCCTCATGATAGA-1,6323_R2,0,low_single_type,1,0,0,,,0
6323_R2_ATATCCTGTAACTAAG-1,6323_R2,0,low_single_type,1,0,0,,,0
6323_R2_ATATCCTGTGAATTAG-1,6323_R2,0,low_single_type,1,0,0,,,0
6323_R2_ATATCCTGTGACGTCC-1,6323_R2,0,low_single_type,1,0,0,,,0
6323_R2_ATATCCTGTTGGCCTG-1,6323_R2,0,low_single_type,1,0,0,,,0
6323_R2_ATATCCTTCCCAACTC-1,6323_R2,0,low_single_type,1,0,0,,,0
6323_R2_ATCACAGCAAATCCCA-1,6323_R2,0,low_single_type,1,0,0,,,0
6323_R2_ATCACGACAAGAAATC-1,6323_R2,1,low_single_type,1,1,1,,,1
6323_R2_ATCACGACACAGGATG-1,6323_R2,0,low_single_type,1,0,0,,,0
6323_R2_ATCACGAGTGCCCTTT-1,6323_R2,0,low_single_type,1,0,0,,,0
6323_R2_ATCACGATCCTTGAAG-1,6323_R2,0,low_single_type,1,0,0,,,0
6323_R2_ATCACTTCACCGGAAA-1,6323_R2,0,low_single_type,1,0,0,,,0
6323_R2_ATCAGGTAGAAGCGGG-1,6323_R2,0,low_single_type,1,0,0,,,0
6323_R2_ATCAGGTCAGGGATAC-1,6323_R2,0,low_single_type,1,0,0,,,0
6323_R2_ATCAGGTCATTGCTGA-1,6323_R2,0,low_single_type,1,0,0,,,0
6323_R2_ATCAGGTGTGCCGTAC-1,6323_R2,0,low_single_type,1,0,0,,,0
6323_R2_ATCAGGTGTGCCTATA-1,6323_R2,0,low_single_type,1,0,0,,,0
6323_R2_ATCAGGTGTTGGGATG-1,6323_R2,0,low_single_type,1,0,0,,,0
6323_R2_ATCAGGTTCCTTCTTC-1,6323_R2,0,low_single_type,1,0,0,,,0
6323_R2_ATCAGGTTCGTAGTGT-1,6323_R2,0,low_single_type,1,0,0,,,0
6323_R2_ATCATTCAGATGCTAA-1,6323_R2,0,low_single_type,1,0,0,,,0
6323_R2_ATCATTCCACGACAAG-1,6323_R2,0,low_single_type,1,0,0,,,0
6323_R2_ATCATTCGTCTTTCAT-1,6323_R2,0,low_single_type,1,0,0,,,0
6323_R2_ATCCACCCACTGAATC-1,6323_R2,0,low_single_type,1,0,0,,,0
6323_R2_ATCCACCTCAGCATTG-1,6323_R2,1,low_single_type,1,1,1,,,1
6323_R2_ATCCATTCAAGCGAGT-1,6323_R2,0,low_single_type,1,0,0,,,0
6323_R2_ATCCATTCACTGAGTT-1,6323_R2,0,low_single_type,1,0,0,,,0
6323_R2_ATCCATTCACTTGTCC-1,6323_R2,0,low_single_type,1,0,0,,,0
6323_R2_ATCCATTCAGACCTGC-1,6323_R2,0,low_single_type,1,0,0,,,0
6323_R2_ATCCATTGTATCGAAA-1,6323_R2,0,low_single_type,1,0,0,,,0
6323_R2_ATCCATTGTGGCTACC-1,6323_R2,0,low_single_type,1,0,0,,,0
6323_R2_ATCCATTTCATGGATC-1,6323_R2,0,low_single_type,1,0,0,,,0
6323_R2_ATCCATTTCCGAAGGA-1,6323_R2,0,low_single_type,1,0,0,,,0
6323_R2_ATCCATTTCTACAGGT-1,6323_R2,0,low_single_type,1,0,0,,,0
6323_R2_ATCCCTGAGCTACAAA-1,6323_R2,0,low_single_type,1,0,0,,,0
6323_R2_ATCCCTGTCAAGTGGG-1,6323_R2,0,low_single_type,1,0,0,,,0
6323_R2_ATCCCTGTCCGCTTAC-1,6323_R2,0,low_single_type,1,0,0,,,0
6323_R2_ATCCCTGTCTCCAAGA-1,6323_R2,0,low_single_type,1,0,0,,,0
6323_R2_ATCCGTCCAGTGACCC-1,6323_R2,0,low_single_type,1,0,0,,,0
6323_R2_ATCCGTCGTGAATGAT-1,6323_R2,0,low_single_type,1,0,0,,,0
6323_R2_ATCCGTCTCTATACTC-1,6323_R2,0,low_single_type,1,0,0,,,0
6323_R2_ATCCTATGTGCCTGAC-1,6323_R2,0,low_single_type,1,0,0,,,0
6323_R2_ATCCTATTCTTCACAT-1,6323_R2,0,low_single_type,1,0,0,,,0
6323_R2_ATCGATGAGGTAACTA-1,6323_R2,0,low_single_type,1,0,0,,,0
6323_R2_ATCGATGCACTATCGA-1,6323_R2,0,low_single_type,1,0,0,,,0
6323_R2_ATCGATGCAGCGTACC-1,6323_R2,0,low_single_type,1,0,0,,,0
6323_R2_ATCGATGCATCGGTTA-1,6323_R2,0,low_single_type,1,0,0,,,0
6323_R2_ATCGATGGTTAAGGGC-1,6323_R2,0,low_single_type,1,0,0,,,0
6323_R2_ATCGCCTAGCCAAGCA-1,6323_R2,0,low_single_type,1,0,0,,,0
6323_R2_ATCGCCTAGGAAAGAC-1,6323_R2,0,low_single_type,1,0,0,,,0
6323_R2_ATCGCCTAGTCCCGGT-1,6323_R2,0,low_single_type,1,0,0,,,0
6323_R2_ATCGCCTCAACGTAAA-1,6323_R2,0,low_single_type,1,0,0,,,0
6323_R2_ATCGGATGTGAATGAT-1,6323_R2,0,low_single_type,1,0,0,,,0
6323_R2_ATCGGATGTTAACAGA-1,6323_R2,0,low_single_type,1,0,0,,,0
6323_R2_ATCGGATTCCGTTTCG-1,6323_R2,0,low_single_type,1,0,0,,,0
6323_R2_ATCGGATTCTTCCACG-1,6323_R2,0,low_single_type,1,0,0,,,0
6323_R2_ATCGGCGAGCCTGACC-1,6323_R2,0,low_single_type,1,0,0,,,0
6323_R2_ATCGGCGTCACATTGG-1,6323_R2,0,low_single_type,1,0,0,,,0
6323_R2_ATCGGCGTCACGGGCT-1,6323_R2,1,low_single_type,1,1,1,,,1
6323_R2_ATCGGCGTCATTGTGG-1,6323_R2,0,low_single_type,1,0,0,,,0
6323_R2_ATCGGCGTCTTACGTT-1,6323_R2,0,low_single_type,1,0,0,,,0
6323_R2_ATCGTAGTCCATGCAA-1,6323_R2,0,low_single_type,1,0,0,,,0
6323_R2_ATCGTAGTCCCTGGTT-1,6323_R2,0,low_single_type,1,0,0,,,0
6323_R2_ATCGTAGTCTTAGCAG-1,6323_R2,0,low_single_type,1,0,0,,,0
6323_R2_ATCGTCCAGTTGCCTA-1,6323_R2,0,low_single_type,1,0,0,,,0
6323_R2_ATCGTCCGTCAGACTT-1,6323_R2,0,low_single_type,1,0,0,,,0
6323_R2_ATCGTGACACAGTATC-1,6323_R2,0,low_single_type,1,0,0,,,0
6323_R2_ATCTCTAAGGAACGAA-1,6323_R2,0,low_single_type,1,0,0,,,0
6323_R2_ATCTCTAAGGTAAGTT-1,6323_R2,0,low_single_type,1,0,0,,,0
6323_R2_ATCTCTACAAACAGGC-1,6323_R2,0,low_single_type,1,0,0,,,0
6323_R2_ATCTCTAGTAAGGCCA-1,6323_R2,0,low_single_type,1,0,0,,,0
6323_R2_ATCTTCAAGAAACTCA-1,6323_R2,0,low_single_type,1,0,0,,,0
6323_R2_ATCTTCAGTAACCAGG-1,6323_R2,0,low_single_type,1,0,0,,,0
6323_R2_ATCTTCAGTGGATCGA-1,6323_R2,1,low_single_type,1,1,1,,,1
6323_R2_ATGAAAGAGCCGATCC-1,6323_R2,0,low_single_type,1,0,0,,,0
6323_R2_ATGAAAGTCTGCGAGC-1,6323_R2,0,low_single_type,1,0,0,,,0
6323_R2_ATGACCACACAAACGG-1,6323_R2,0,low_single_type,1,0,0,,,0
6323_R2_ATGACCACACAGTCGC-1,6323_R2,0,low_single_type,1,0,0,,,0
6323_R2_ATGAGGGAGTTCCATG-1,6323_R2,0,low_single_type,1,0,0,,,0
6323_R2_ATGAGGGGTAGGCAAC-1,6323_R2,0,low_single_type,1,0,0,,,0
6323_R2_ATGAGGGGTAGTCCTA-1,6323_R2,0,low_single_type,1,0,0,,,0
6323_R2_ATGAGGGGTATGAAGT-1,6323_R2,0,low_single_type,1,0,0,,,0
6323_R2_ATGAGTCCAACCACAT-1,6323_R2,0,low_single_type,1,0,0,,,0
6323_R2_ATGAGTCGTTCCGGTG-1,6323_R2,0,low_single_type,1,0,0,,,0
6323_R2_ATGAGTCTCAAAGCCT-1,6323_R2,0,low_single_type,1,0,0,,,0
6323_R2_ATGAGTCTCGAGCACC-1,6323_R2,0,low_single_type,1,0,0,,,0
6323_R2_ATGAGTCTCGAGCCTG-1,6323_R2,0,low_single_type,1,0,0,,,0
6323_R2_ATGAGTCTCGCTATTT-1,6323_R2,0,low_single_type,1,0,0,,,0
6323_R2_ATGAGTCTCTCGCCTA-1,6323_R2,0,low_single_type,1,0,0,,,0
6323_R2_ATGATCGAGGGAACAA-1,6323_R2,0,low_single_type,1,0,0,,,0
6323_R2_ATGATCGAGGTCGAGT-1,6323_R2,0,low_single_type,1,0,0,,,0
6323_R2_ATGATCGGTACCTTCC-1,6323_R2,0,low_single_type,1,0,0,,,0
6323_R2_ATGATCGGTGGGACAT-1,6323_R2,0,low_single_type,1,0,0,,,0
6323_R2_ATGCATGAGTATGATG-1,6323_R2,0,low_single_type,1,0,0,,,0
6323_R2_ATGCATGAGTTTGGCT-1,6323_R2,1,low_single_type,1,1,1,,,1
6323_R2_ATGCATGCAAAGCACG-1,6323_R2,0,low_single_type,1,0,0,,,0
6323_R2_ATGCATGGTGTATTGC-1,6323_R2,0,low_single_type,1,0,0,,,0
6323_R2_ATGCATGTCACAGTGT-1,6323_R2,0,low_single_type,1,0,0,,,0
6323_R2_ATGCCTCAGAGGTGCT-1,6323_R2,0,low_single_type,1,0,0,,,0
6323_R2_ATGCCTCAGTGGTGAC-1,6323_R2,0,low_single_type,1,0,0,,,0
6323_R2_ATGCCTCGTGAGCCAA-1,6323_R2,0,low_single_type,1,0,0,,,0
6323_R2_ATGCGATAGAGTGAAG-1,6323_R2,0,low_single_type,1,0,0,,,0
6323_R2_ATGCGATTCGTGGGAA-1,6323_R2,0,low_single_type,1,0,0,,,0
6323_R2_ATGCGATTCTGTGCGG-1,6323_R2,0,low_single_type,1,0,0,,,0
6323_R2_ATGGAGGGTAGAGGAA-1,6323_R2,0,low_single_type,1,0,0,,,0
6323_R2_ATGGAGGTCAAGGTGG-1,6323_R2,0,low_single_type,1,0,0,,,0
6323_R2_ATGGATCAGCCGAACA-1,6323_R2,0,low_single_type,1,0,0,,,0
6323_R2_ATGGATCAGTTACGTC-1,6323_R2,0,low_single_type,1,0,0,,,0
6323_R2_ATGGATCGTGTCCTAA-1,6323_R2,0,low_single_type,1,0,0,,,0
6323_R2_ATGGGAGAGTGGATAT-1,6323_R2,0,low_single_type,1,0,0,,,0
6323_R2_ATGGGAGGTAGATCCT-1,6323_R2,0,low_single_type,1,0,0,,,0
6323_R2_ATGGGTTAGTGTGTTC-1,6323_R2,0,low_single_type,1,0,0,,,0
6323_R2_ATGGGTTCATCGCTAA-1,6323_R2,0,low_single_type,1,0,0,,,0
6323_R2_ATGGGTTCATTGTGCA-1,6323_R2,0,low_single_type,1,0,0,,,0
6323_R2_ATGGGTTGTTCGAAGG-1,6323_R2,0,low_single_type,1,0,0,,,0
6323_R2_ATGGGTTTCAGGAGAC-1,6323_R2,0,low_single_type,1,0,0,,,0
6323_R2_ATGGTTGAGGGACTGT-1,6323_R2,0,low_single_type,1,0,0,,,0
6323_R2_ATGGTTGAGTCACAGG-1,6323_R2,0,low_single_type,1,0,0,,,0
6323_R2_ATGGTTGAGTCTGGAG-1,6323_R2,0,low_single_type,1,0,0,,,0
6323_R2_ATGGTTGCAGATCCTA-1,6323_R2,0,low_single_type,1,0,0,,,0
6323_R2_ATGGTTGTCTTTGCGC-1,6323_R2,0,low_single_type,1,0,0,,,0
6323_R2_ATGTCCCAGACATAGT-1,6323_R2,0,low_single_type,1,0,0,,,0
6323_R2_ATGTCCCGTAGTGGCA-1,6323_R2,0,low_single_type,1,0,0,,,0
6323_R2_ATGTCCCGTATCAGGG-1,6323_R2,0,low_single_type,1,0,0,,,0
6323_R2_ATGTCCCGTGGCTTAT-1,6323_R2,0,low_single_type,1,0,0,,,0
6323_R2_ATGTCCCTCATTGAGC-1,6323_R2,0,low_single_type,1,0,0,,,0
6323_R2_ATGTCCCTCCAAGCAT-1,6323_R2,0,low_single_type,1,0,0,,,0
6323_R2_ATGTCTTAGTGCCTCG-1,6323_R2,0,low_single_type,1,0,0,,,0
6323_R2_ATGTCTTCATTACTCT-1,6323_R2,0,low_single_type,1,0,0,,,0
6323_R2_ATGTCTTGTTAAGTCC-1,6323_R2,0,low_single_type,1,0,0,,,0
6323_R2_ATGTCTTTCCCGAGGT-1,6323_R2,0,low_single_type,1,0,0,,,0
6323_R2_ATTACCTAGCGAACTG-1,6323_R2,0,low_single_type,1,0,0,,,0
6323_R2_ATTACCTCAGCATACT-1,6323_R2,0,low_single_type,1,0,0,,,0
6323_R2_ATTACTCAGCTCCGAC-1,6323_R2,0,low_single_type,1,0,0,,,0
6323_R2_ATTACTCGTTTGGGTT-1,6323_R2,0,low_single_type,1,0,0,,,0
6323_R2_ATTATCCAGAGGATGA-1,6323_R2,0,low_single_type,1,0,0,,,0
6323_R2_ATTATCCGTCGCGGTT-1,6323_R2,0,low_single_type,1,0,0,,,0
6323_R2_ATTATCCGTGAATTGA-1,6323_R2,0,low_single_type,1,0,0,,,0
6323_R2_ATTCACTAGCGATTCT-1,6323_R2,0,low_single_type,1,0,0,,,0
6323_R2_ATTCACTAGCTTAAGA-1,6323_R2,0,low_single_type,1,0,0,,,0
6323_R2_ATTCACTAGGCCCAAA-1,6323_R2,0,low_single_type,1,0,0,,,0
6323_R2_ATTCACTCACAACATC-1,6323_R2,0,low_single_type,1,0,0,,,0
6323_R2_ATTCACTTCACATCAG-1,6323_R2,0,low_single_type,1,0,0,,,0
6323_R2_ATTCACTTCACGACTA-1,6323_R2,0,low_single_type,1,0,0,,,0
6323_R2_ATTCAGGAGTCGCGAA-1,6323_R2,1,low_single_type,1,1,1,,,1
6323_R2_ATTCAGGCACAGTCAT-1,6323_R2,0,low_single_type,1,0,0,,,0
6323_R2_ATTCAGGGTAGGACCA-1,6323_R2,0,low_single_type,1,0,0,,,0
6323_R2_ATTCAGGGTTAAGGGC-1,6323_R2,0,low_single_type,1,0,0,,,0
6323_R2_ATTCAGGGTTAGTTCG-1,6323_R2,0,low_single_type,1,0,0,,,0
6323_R2_ATTCAGGGTTGTGCAT-1,6323_R2,0,low_single_type,1,0,0,,,0
6323_R2_ATTCAGGTCTAGTTCT-1,6323_R2,0,low_single_type,1,0,0,,,0
6323_R2_ATTCATCCATGGCACC-1,6323_R2,0,low_single_type,1,0,0,,,0
6323_R2_ATTCATCGTAACACGG-1,6323_R2,0,low_single_type,1,0,0,,,0
6323_R2_ATTCCATAGAGGGTGG-1,6323_R2,0,low_single_type,1,0,0,,,0
6323_R2_ATTCCATAGCCACTCG-1,6323_R2,0,low_single_type,1,0,0,,,0
6323_R2_ATTCCATCAGGCACAA-1,6323_R2,0,low_single_type,1,0,0,,,0
6323_R2_ATTCCATGTAGGACCA-1,6323_R2,0,low_single_type,1,0,0,,,0
6323_R2_ATTCCATTCGGTGTAT-1,6323_R2,0,low_single_type,1,0,0,,,0
6323_R2_ATTCCCGCAACTCCAA-1,6323_R2,0,low_single_type,1,0,0,,,0
6323_R2_ATTCCCGCATTCCTAT-1,6323_R2,0,low_single_type,1,0,0,,,0
6323_R2_ATTCCCGGTCTACACA-1,6323_R2,0,low_single_type,1,0,0,,,0
6323_R2_ATTCCCGGTCTGTAAC-1,6323_R2,0,low_single_type,1,0,0,,,0
6323_R2_ATTCCTAAGCTGAGTG-1,6323_R2,0,low_single_type,1,0,0,,,0
6323_R2_ATTCCTAAGTAGACCG-1,6323_R2,0,low_single_type,1,0,0,,,0
6323_R2_ATTCCTAAGTAGTGCG-1,6323_R2,0,low_single_type,1,0,0,,,0
6323_R2_ATTCCTATCACCACAA-1,6323_R2,0,low_single_type,1,0,0,,,0
6323_R2_ATTCCTATCTTGCAAG-1,6323_R2,0,low_single_type,1,0,0,,,0
6323_R2_ATTCGTTAGAATTTGG-1,6323_R2,0,low_single_type,1,0,0,,,0
6323_R2_ATTCGTTCAATAACCC-1,6323_R2,0,low_single_type,1,0,0,,,0
6323_R2_ATTCTACAGGTTGACG-1,6323_R2,0,low_single_type,1,0,0,,,0
6323_R2_ATTCTACCATCGCCTT-1,6323_R2,0,low_single_type,1,0,0,,,0
6323_R2_ATTCTACCATGAGATA-1,6323_R2,0,low_single_type,1,0,0,,,0
6323_R2_ATTCTACGTATGAGCG-1,6323_R2,0,low_single_type,1,0,0,,,0
6323_R2_ATTCTACGTGGAAATT-1,6323_R2,0,low_single_type,1,0,0,,,0
6323_R2_ATTCTACTCCTTCACG-1,6323_R2,0,low_single_type,1,0,0,,,0
6323_R2_ATTCTTGAGAAGTATC-1,6323_R2,0,low_single_type,1,0,0,,,0
6323_R2_ATTCTTGAGCCAACCC-1,6323_R2,0,low_single_type,1,0,0,,,0
6323_R2_ATTCTTGAGCCATATC-1,6323_R2,0,low_single_type,1,0,0,,,0
6323_R2_ATTCTTGAGCTTTCCC-1,6323_R2,0,low_single_type,1,0,0,,,0
6323_R2_ATTCTTGCAACTGAAA-1,6323_R2,0,low_single_type,1,0,0,,,0
6323_R2_ATTCTTGGTGCACATT-1,6323_R2,0,low_single_type,1,0,0,,,0
6323_R2_ATTCTTGTCGTACCTC-1,6323_R2,0,low_single_type,1,0,0,,,0
6323_R2_ATTGGGTAGTCGTTAC-1,6323_R2,0,low_single_type,1,0,0,,,0
6323_R2_ATTGGGTCAAAGACGC-1,6323_R2,0,low_single_type,1,0,0,,,0
6323_R2_ATTGGGTCAACTCGTA-1,6323_R2,0,low_single_type,1,0,0,,,0
6323_R2_ATTGGGTCATGATGCT-1,6323_R2,0,low_single_type,1,0,0,,,0
6323_R2_ATTGGGTGTAGACGGT-1,6323_R2,0,low_single_type,1,0,0,,,0
6323_R2_ATTGGGTGTCTTGAAC-1,6323_R2,0,low_single_type,1,0,0,,,0
6323_R2_ATTGTTCCAGCAGATG-1,6323_R2,0,low_single_type,1,0,0,,,0
6323_R2_ATTTACCAGACGCTCC-1,6323_R2,0,low_single_type,1,0,0,,,0
6323_R2_ATTTACCCAGGGTTGA-1,6323_R2,0,low_single_type,1,0,0,,,0
6323_R2_ATTTACCTCATTTCGT-1,6323_R2,0,low_single_type,1,0,0,,,0
6323_R2_ATTTCACAGCCATCCG-1,6323_R2,0,low_single_type,1,0,0,,,0
6323_R2_ATTTCACGTCTCGGGT-1,6323_R2,0,low_single_type,1,0,0,,,0
6323_R2_ATTTCACTCGATTGGT-1,6323_R2,0,low_single_type,1,0,0,,,0
6323_R2_ATTTCACTCGTTGTAG-1,6323_R2,0,low_single_type,1,0,0,,,0
6323_R2_ATTTCTGAGTGCAGCA-1,6323_R2,0,low_single_type,1,0,0,,,0
6323_R2_CAAAGAAAGATACCAA-1,6323_R2,0,low_single_type,1,0,0,,,0
6323_R2_CAAAGAAAGGGCAGTT-1,6323_R2,0,low_single_type,1,0,0,,,0
6323_R2_CAAAGAAAGTGCGTCC-1,6323_R2,0,low_single_type,1,0,0,,,0
6323_R2_CAAAGAACACAAAGCG-1,6323_R2,0,low_single_type,1,0,0,,,0
6323_R2_CAAAGAACACTCAGAT-1,6323_R2,0,low_single_type,1,0,0,,,0
6323_R2_CAAAGAACACTGATTG-1,6323_R2,0,low_single_type,1,0,0,,,0
6323_R2_CAAAGAAGTAACATAG-1,6323_R2,0,low_single_type,1,0,0,,,0
6323_R2_CAAAGAATCAGACATC-1,6323_R2,0,low_single_type,1,0,0,,,0
6323_R2_CAACAACAGGTGATAT-1,6323_R2,1,low_single_type,1,1,1,,,1
6323_R2_CAACAACGTCCTCCAT-1,6323_R2,0,low_single_type,1,0,0,,,0
6323_R2_CAACAGTAGGATATGT-1,6323_R2,0,low_single_type,1,0,0,,,0
6323_R2_CAACAGTAGGTCTTTG-1,6323_R2,0,low_single_type,1,0,0,,,0
6323_R2_CAACAGTTCCCAAGTA-1,6323_R2,0,low_single_type,1,0,0,,,0
6323_R2_CAACCAAAGTCAAGCG-1,6323_R2,0,low_single_type,1,0,0,,,0
6323_R2_CAACCTCAGACGACTG-1,6323_R2,0,low_single_type,1,0,0,,,0
6323_R2_CAACCTCAGTTACTCG-1,6323_R2,0,low_single_type,1,0,0,,,0
6323_R2_CAACCTCCATATGAAG-1,6323_R2,0,low_single_type,1,0,0,,,0
6323_R2_CAACCTCTCGAACACT-1,6323_R2,0,low_single_type,1,0,0,,,0
6323_R2_CAACGATAGATCCGAG-1,6323_R2,0,low_single_type,1,0,0,,,0
6323_R2_CAACGATCAAAGTGTA-1,6323_R2,0,low_single_type,1,0,0,,,0
6323_R2_CAACGATCAAATGATG-1,6323_R2,0,low_single_type,1,0,0,,,0
6323_R2_CAACGGCAGGTTACAA-1,6323_R2,0,low_single_type,1,0,0,,,0
6323_R2_CAACGGCCACAGCTTA-1,6323_R2,0,low_single_type,1,0,0,,,0
6323_R2_CAACGGCGTTAGGCTT-1,6323_R2,0,low_single_type,1,0,0,,,0
6323_R2_CAACGGCGTTTACCAG-1,6323_R2,0,low_single_type,1,0,0,,,0
6323_R2_CAACGGCTCTTAGCTT-1,6323_R2,0,low_single_type,1,0,0,,,0
6323_R2_CAAGACTAGGATTTCC-1,6323_R2,0,low_single_type,1,0,0,,,0
6323_R2_CAAGACTCACAGTGTT-1,6323_R2,0,low_single_type,1,0,0,,,0
6323_R2_CAAGACTCAGAACTTC-1,6323_R2,0,low_single_type,1,0,0,,,0
6323_R2_CAAGAGGCAGATCATC-1,6323_R2,0,low_single_type,1,0,0,,,0
6323_R2_CAAGAGGGTGTCGCTG-1,6323_R2,0,low_single_type,1,0,0,,,0
6323_R2_CAAGAGGTCAAATGAG-1,6323_R2,0,low_single_type,1,0,0,,,0
6323_R2_CAAGAGGTCTATGCCC-1,6323_R2,1,low_single_type,1,1,1,,,1
6323_R2_CAAGCTAAGAATCCCT-1,6323_R2,0,low_single_type,1,0,0,,,0
6323_R2_CAAGCTAAGGACGGAG-1,6323_R2,0,low_single_type,1,0,0,,,0
6323_R2_CAAGCTACAAGTGGAC-1,6323_R2,0,low_single_type,1,0,0,,,0
6323_R2_CAAGCTACAGGATGAC-1,6323_R2,0,low_single_type,1,0,0,,,0
6323_R2_CAAGCTAGTATATGGA-1,6323_R2,0,low_single_type,1,0,0,,,0
6323_R2_CAAGCTAGTGGCCACT-1,6323_R2,1,low_single_type,1,1,1,,,1
6323_R2_CAAGCTATCCACTGAA-1,6323_R2,0,low_single_type,1,0,0,,,0
6323_R2_CAAGGGACAAATCAGA-1,6323_R2,0,low_single_type,1,0,0,,,0
6323_R2_CAAGGGATCCCGAACG-1,6323_R2,0,low_single_type,1,0,0,,,0
6323_R2_CAATACGCAAATCGGG-1,6323_R2,0,low_single_type,1,0,0,,,0
6323_R2_CAATACGGTCCGGCAT-1,6323_R2,0,low_single_type,1,0,0,,,0
6323_R2_CAATACGGTTCTGACA-1,6323_R2,0,low_single_type,1,0,0,,,0
6323_R2_CAATACGTCTCTCTTC-1,6323_R2,0,low_single_type,1,0,0,,,0
6323_R2_CAATCGAGTCGCATTA-1,6323_R2,0,low_single_type,1,0,0,,,0
6323_R2_CAATGACAGTTTCGGT-1,6323_R2,0,low_single_type,1,0,0,,,0
6323_R2_CAATGACCAAGACAAT-1,6323_R2,0,low_single_type,1,0,0,,,0
6323_R2_CAATGACTCAACCGAT-1,6323_R2,0,low_single_type,1,0,0,,,0
6323_R2_CAATGACTCCCTCGAT-1,6323_R2,0,low_single_type,1,0,0,,,0
6323_R2_CAATTTCAGTGACCTT-1,6323_R2,0,low_single_type,1,0,0,,,0
6323_R2_CAATTTCGTTCGGGTC-1,6323_R2,0,low_single_type,1,0,0,,,0
6323_R2_CAATTTCTCGAGTCTA-1,6323_R2,0,low_single_type,1,0,0,,,0
6323_R2_CAATTTCTCTCACCCA-1,6323_R2,0,low_single_type,1,0,0,,,0
6323_R2_CAATTTCTCTGCCTCA-1,6323_R2,0,low_single_type,1,0,0,,,0
6323_R2_CACAACACAACAAGAT-1,6323_R2,0,low_single_type,1,0,0,,,0
6323_R2_CACACAAGTAACTTCG-1,6323_R2,0,low_single_type,1,0,0,,,0
6323_R2_CACACAATCACGGTCG-1,6323_R2,0,low_single_type,1,0,0,,,0
6323_R2_CACAGATAGAAGGGAT-1,6323_R2,0,low_single_type,1,0,0,,,0
6323_R2_CACAGATAGCCTCACG-1,6323_R2,0,low_single_type,1,0,0,,,0
6323_R2_CACAGATCAACTCCAA-1,6323_R2,0,low_single_type,1,0,0,,,0
6323_R2_CACAGATCACACAGAG-1,6323_R2,0,low_single_type,1,0,0,,,0
6323_R2_CACAGATGTGTATTCG-1,6323_R2,0,low_single_type,1,0,0,,,0
6323_R2_CACAGATTCCAACTGA-1,6323_R2,0,low_single_type,1,0,0,,,0
6323_R2_CACAGGCAGAAGTATC-1,6323_R2,0,low_single_type,1,0,0,,,0
6323_R2_CACAGGCCACGCAAAG-1,6323_R2,0,low_single_type,1,0,0,,,0
6323_R2_CACAGGCGTAGTGTGG-1,6323_R2,0,low_single_type,1,0,0,,,0
6323_R2_CACAGGCTCACTGCTC-1,6323_R2,0,low_single_type,1,0,0,,,0
6323_R2_CACAGGCTCTACCAGA-1,6323_R2,0,low_single_type,1,0,0,,,0
6323_R2_CACATGAAGATGAATC-1,6323_R2,0,low_single_type,1,0,0,,,0
6323_R2_CACATGACACAAATCC-1,6323_R2,0,low_single_type,1,0,0,,,0
6323_R2_CACATGACAGTGTGGA-1,6323_R2,0,low_single_type,1,0,0,,,0
6323_R2_CACATGAGTACGACTT-1,6323_R2,0,low_single_type,1,0,0,,,0
6323_R2_CACATGAGTAGGGAGG-1,6323_R2,0,low_single_type,1,0,0,,,0
6323_R2_CACATGAGTGAGTGAC-1,6323_R2,0,low_single_type,1,0,0,,,0
6323_R2_CACATGATCTAAGAAG-1,6323_R2,0,low_single_type,1,0,0,,,0
6323_R2_CACATGATCTTCGGAA-1,6323_R2,0,low_single_type,1,0,0,,,0
6323_R2_CACCAAAAGGGCAAGG-1,6323_R2,0,low_single_type,1,0,0,,,0
6323_R2_CACCAAAAGGGCCAAT-1,6323_R2,0,low_single_type,1,0,0,,,0
6323_R2_CACCAAACAACCACGC-1,6323_R2,0,low_single_type,1,0,0,,,0
6323_R2_CACCAAACACGCAGTC-1,6323_R2,0,low_single_type,1,0,0,,,0
6323_R2_CACCAAAGTTAAACCC-1,6323_R2,0,low_single_type,1,0,0,,,0
6323_R2_CACCAAAGTTGTGCCG-1,6323_R2,0,low_single_type,1,0,0,,,0
6323_R2_CACCAAATCGTCAGAT-1,6323_R2,0,low_single_type,1,0,0,,,0
6323_R2_CACCAAATCTGGGAGA-1,6323_R2,0,low_single_type,1,0,0,,,0
6323_R2_CACCGTTGTTCCGCAG-1,6323_R2,0,low_single_type,1,0,0,,,0
6323_R2_CACCGTTTCTCGGTCT-1,6323_R2,0,low_single_type,1,0,0,,,0
6323_R2_CACGAATAGGATTTAG-1,6323_R2,0,low_single_type,1,0,0,,,0
6323_R2_CACGAATCACAGCTGC-1,6323_R2,0,low_single_type,1,0,0,,,0
6323_R2_CACGAATCAGAAGCGT-1,6323_R2,1,low_single_type,1,1,1,,,1
6323_R2_CACGAATGTAACCAGG-1,6323_R2,0,low_single_type,1,0,0,,,0
6323_R2_CACGAATTCCAACTAG-1,6323_R2,0,low_single_type,1,0,0,,,0
6323_R2_CACGGGTGTCGATTAC-1,6323_R2,0,low_single_type,1,0,0,,,0
6323_R2_CACGGGTTCGCGCTGA-1,6323_R2,0,low_single_type,1,0,0,,,0
6323_R2_CACGTGGCAGGAAGTC-1,6323_R2,0,low_single_type,1,0,0,,,0
6323_R2_CACGTGGGTCTGTCCT-1,6323_R2,0,low_single_type,1,0,0,,,0
6323_R2_CACGTGGGTTCCTAGA-1,6323_R2,0,low_single_type,1,0,0,,,0
6323_R2_CACGTTCAGGCATGCA-1,6323_R2,0,low_single_type,1,0,0,,,0
6323_R2_CACGTTCGTATGAGAT-1,6323_R2,0,low_single_type,1,0,0,,,0
6323_R2_CACTAAGGTCGTAATC-1,6323_R2,0,low_single_type,1,0,0,,,0
6323_R2_CACTGAACACCTGTCT-1,6323_R2,0,low_single_type,1,0,0,,,0
6323_R2_CACTGAACAGGCCCTA-1,6323_R2,0,low_single_type,1,0,0,,,0
6323_R2_CACTGAAGTTGCATGT-1,6323_R2,0,low_single_type,1,0,0,,,0
6323_R2_CACTGAATCGGCAGTC-1,6323_R2,0,low_single_type,1,0,0,,,0
6323_R2_CACTGGGAGAAGTATC-1,6323_R2,0,low_single_type,1,0,0,,,0
6323_R2_CACTGGGCACCCAAGC-1,6323_R2,0,low_single_type,1,0,0,,,0
6323_R2_CACTGGGGTCAAGGCA-1,6323_R2,0,low_single_type,1,0,0,,,0
6323_R2_CACTGGGTCGTAGTGT-1,6323_R2,0,low_single_type,1,0,0,,,0
6323_R2_CACTGTCTCGCTATTT-1,6323_R2,0,low_single_type,1,0,0,,,0
6323_R2_CACTGTCTCTGATTCT-1,6323_R2,0,low_single_type,1,0,0,,,0
6323_R2_CACTTCGAGGTAGTAT-1,6323_R2,0,low_single_type,1,0,0,,,0
6323_R2_CACTTCGCACTGGCCA-1,6323_R2,0,low_single_type,1,0,0,,,0
6323_R2_CACTTCGTCATCCTAT-1,6323_R2,0,low_single_type,1,0,0,,,0
6323_R2_CACTTCGTCATTTGTC-1,6323_R2,0,low_single_type,1,0,0,,,0
6323_R2_CAGAGCCAGCCTGAGA-1,6323_R2,0,low_single_type,1,0,0,,,0
6323_R2_CAGAGCCAGCCTTGAT-1,6323_R2,0,low_single_type,1,0,0,,,0
6323_R2_CAGAGCCCACGTCGTG-1,6323_R2,0,low_single_type,1,0,0,,,0
6323_R2_CAGAGCCCAGTCGCTG-1,6323_R2,0,low_single_type,1,0,0,,,0
6323_R2_CAGAGCCGTTCGGTAT-1,6323_R2,0,low_single_type,1,0,0,,,0
6323_R2_CAGAGCCTCGGCTGGT-1,6323_R2,0,low_single_type,1,0,0,,,0
6323_R2_CAGATACAGAGTGGCT-1,6323_R2,0,low_single_type,1,0,0,,,0
6323_R2_CAGATACCAGTTGGTT-1,6323_R2,0,low_single_type,1,0,0,,,0
6323_R2_CAGATACCATCCCGTT-1,6323_R2,0,low_single_type,1,0,0,,,0
6323_R2_CAGATACGTTAAGCAA-1,6323_R2,0,low_single_type,1,0,0,,,0
6323_R2_CAGATCATCCTGATAG-1,6323_R2,0,low_single_type,1,0,0,,,0
6323_R2_CAGATTGCATCTCAAG-1,6323_R2,0,low_single_type,1,0,0,,,0
6323_R2_CAGCAATAGATACGAT-1,6323_R2,0,low_single_type,1,0,0,,,0
6323_R2_CAGCAATAGGACACTG-1,6323_R2,0,low_single_type,1,0,0,,,0
6323_R2_CAGCAATCAGTCTGGC-1,6323_R2,0,low_single_type,1,0,0,,,0
6323_R2_CAGCAATGTCATCCGG-1,6323_R2,0,low_single_type,1,0,0,,,0
6323_R2_CAGCACGAGATGAACT-1,6323_R2,0,low_single_type,1,0,0,,,0
6323_R2_CAGCACGGTCCGTTTC-1,6323_R2,0,low_single_type,1,0,0,,,0
6323_R2_CAGCAGCAGGTGCATG-1,6323_R2,0,low_single_type,1,0,0,,,0
6323_R2_CAGCAGCCAATATCCG-1,6323_R2,0,low_single_type,1,0,0,,,0
6323_R2_CAGCAGCGTATGAGAT-1,6323_R2,0,low_single_type,1,0,0,,,0
6323_R2_CAGCCAGCATATAGCC-1,6323_R2,0,low_single_type,1,0,0,,,0
6323_R2_CAGCCAGTCCAAGAGG-1,6323_R2,0,low_single_type,1,0,0,,,0
6323_R2_CAGCCAGTCGCTGACG-1,6323_R2,0,low_single_type,1,0,0,,,0
6323_R2_CAGCGTGAGATGTTGA-1,6323_R2,0,low_single_type,1,0,0,,,0
6323_R2_CAGCGTGCAAAGGCTG-1,6323_R2,0,low_single_type,1,0,0,,,0
6323_R2_CAGCGTGGTCAACCAT-1,6323_R2,0,low_single_type,1,0,0,,,0
6323_R2_CAGCGTGGTCACGTGC-1,6323_R2,0,low_single_type,1,0,0,,,0
6323_R2_CAGGCCACATGTCGTA-1,6323_R2,0,low_single_type,1,0,0,,,0
6323_R2_CAGGCCATCACTGTCC-1,6323_R2,0,low_single_type,1,0,0,,,0
6323_R2_CAGGGCTCAAGCGCTC-1,6323_R2,0,low_single_type,1,0,0,,,0
6323_R2_CAGGGCTGTCTGCATA-1,6323_R2,0,low_single_type,1,0,0,,,0
6323_R2_CAGGGCTGTGACCGAA-1,6323_R2,0,low_single_type,1,0,0,,,0
6323_R2_CAGGGCTTCCATGAGT-1,6323_R2,0,low_single_type,1,0,0,,,0
6323_R2_CAGGGCTTCTTCGTGC-1,6323_R2,1,low_single_type,1,1,1,,,1
6323_R2_CAGGTATAGCCGAACA-1,6323_R2,0,low_single_type,1,0,0,,,0
6323_R2_CAGGTATAGTATCTGC-1,6323_R2,0,low_single_type,1,0,0,,,0
6323_R2_CAGGTATCAGGAGACT-1,6323_R2,0,low_single_type,1,0,0,,,0
6323_R2_CAGGTATCATGCTGCG-1,6323_R2,0,low_single_type,1,0,0,,,0
6323_R2_CAGTGCGAGAATTTGG-1,6323_R2,0,low_single_type,1,0,0,,,0
6323_R2_CAGTGCGCAAAGGCTG-1,6323_R2,0,low_single_type,1,0,0,,,0
6323_R2_CAGTGCGCACACCAGC-1,6323_R2,0,low_single_type,1,0,0,,,0
6323_R2_CAGTGCGTCCTTGGAA-1,6323_R2,0,low_single_type,1,0,0,,,0
6323_R2_CAGTTAGCAAATAAGC-1,6323_R2,0,low_single_type,1,0,0,,,0
6323_R2_CAGTTAGCAAGAGATT-1,6323_R2,0,low_single_type,1,0,0,,,0
6323_R2_CAGTTAGTCATTTCGT-1,6323_R2,0,low_single_type,1,0,0,,,0
6323_R2_CAGTTCCAGCACACAG-1,6323_R2,0,low_single_type,1,0,0,,,0
6323_R2_CAGTTCCAGTTAGTAG-1,6323_R2,0,low_single_type,1,0,0,,,0
6323_R2_CAGTTCCCATGGACAG-1,6323_R2,0,low_single_type,1,0,0,,,0
6323_R2_CAGTTCCTCTAGATCG-1,6323_R2,0,low_single_type,1,0,0,,,0
6323_R2_CAGTTCCTCTTTGCGC-1,6323_R2,0,low_single_type,1,0,0,,,0
6323_R2_CATAAGCCAGTAGAAT-1,6323_R2,0,low_single_type,1,0,0,,,0
6323_R2_CATAAGCTCATATGGC-1,6323_R2,0,low_single_type,1,0,0,,,0
6323_R2_CATACAGCACTACACA-1,6323_R2,0,low_single_type,1,0,0,,,0
6323_R2_CATACAGCACTGCACG-1,6323_R2,0,low_single_type,1,0,0,,,0
6323_R2_CATACAGGTATAGGGC-1,6323_R2,0,low_single_type,1,0,0,,,0
6323_R2_CATACCCGTAAGTTGA-1,6323_R2,0,low_single_type,1,0,0,,,0
6323_R2_CATACTTAGCTGACCC-1,6323_R2,0,low_single_type,1,0,0,,,0
6323_R2_CATACTTCATACCAGT-1,6323_R2,0,low_single_type,1,0,0,,,0
6323_R2_CATACTTTCGCTTGCT-1,6323_R2,0,low_single_type,1,0,0,,,0
6323_R2_CATAGACAGTACTGGG-1,6323_R2,0,low_single_type,1,0,0,,,0
6323_R2_CATAGACCACTGCTTC-1,6323_R2,0,low_single_type,1,0,0,,,0
6323_R2_CATAGACGTCTTACTT-1,6323_R2,0,low_single_type,1,0,0,,,0
6323_R2_CATAGACTCGGTCAGC-1,6323_R2,0,low_single_type,1,0,0,,,0
6323_R2_CATCAAGGTCTGTAAC-1,6323_R2,0,low_single_type,1,0,0,,,0
6323_R2_CATCAAGTCAAATGAG-1,6323_R2,0,low_single_type,1,0,0,,,0
6323_R2_CATCAAGTCGTAGCCG-1,6323_R2,0,low_single_type,1,0,0,,,0
6323_R2_CATCCACCACATGGTT-1,6323_R2,0,low_single_type,1,0,0,,,0
6323_R2_CATCCACCAGTTAAAG-1,6323_R2,0,low_single_type,1,0,0,,,0
6323_R2_CATCCACTCACCGGTG-1,6323_R2,0,low_single_type,1,0,0,,,0
6323_R2_CATCCACTCTGTCGTC-1,6323_R2,1,low_single_type,1,1,1,,,1
6323_R2_CATCCCAAGCAAGTCG-1,6323_R2,0,low_single_type,1,0,0,,,0
6323_R2_CATCCCAAGGCCACCT-1,6323_R2,0,low_single_type,1,0,0,,,0
6323_R2_CATCCCATCCGGTAAT-1,6323_R2,0,low_single_type,1,0,0,,,0
6323_R2_CATCCGTGTAGGATAT-1,6323_R2,0,low_single_type,1,0,0,,,0
6323_R2_CATCCGTGTATTGGCT-1,6323_R2,0,low_single_type,1,0,0,,,0
6323_R2_CATCCGTGTGCTCCGA-1,6323_R2,0,low_single_type,1,0,0,,,0
6323_R2_CATCGCTAGGTTACCT-1,6323_R2,0,low_single_type,1,0,0,,,0
6323_R2_CATCGCTAGTAGGATT-1,6323_R2,0,low_single_type,1,0,0,,,0
6323_R2_CATCGCTCAACCCTCT-1,6323_R2,0,low_single_type,1,0,0,,,0
6323_R2_CATCGCTCAGGTCAGA-1,6323_R2,0,low_single_type,1,0,0,,,0
6323_R2_CATCGCTGTGACTAAA-1,6323_R2,0,low_single_type,1,0,0,,,0
6323_R2_CATCGCTTCCAAAGGG-1,6323_R2,1,low_single_type,1,1,1,,,1
6323_R2_CATCGCTTCGTTACCC-1,6323_R2,0,low_single_type,1,0,0,,,0
6323_R2_CATCGGGAGTCATCGT-1,6323_R2,0,low_single_type,1,0,0,,,0
6323_R2_CATCGGGCAAATCCCA-1,6323_R2,0,low_single_type,1,0,0,,,0
6323_R2_CATCGGGCAGGATGAC-1,6323_R2,0,low_single_type,1,0,0,,,0
6323_R2_CATCGGGTCAAGCTTG-1,6323_R2,0,low_single_type,1,0,0,,,0
6323_R2_CATCGGGTCACCGGTG-1,6323_R2,0,low_single_type,1,0,0,,,0
6323_R2_CATCGGGTCAGCTAGT-1,6323_R2,0,low_single_type,1,0,0,,,0
6323_R2_CATCGGGTCTGACAGT-1,6323_R2,0,low_single_type,1,0,0,,,0
6323_R2_CATCGGGTCTGCGGAC-1,6323_R2,0,low_single_type,1,0,0,,,0
6323_R2_CATCGTCAGCGTTCAT-1,6323_R2,0,low_single_type,1,0,0,,,0
6323_R2_CATCGTCAGTAGTCCT-1,6323_R2,0,low_single_type,1,0,0,,,0
6323_R2_CATCGTCCAGCACACC-1,6323_R2,0,low_single_type,1,0,0,,,0
6323_R2_CATCGTCGTAGACAGC-1,6323_R2,0,low_single_type,1,0,0,,,0
6323_R2_CATGAGTAGGACACTG-1,6323_R2,1,low_single_type,1,1,1,,,1
6323_R2_CATGAGTAGTTGAAGT-1,6323_R2,0,low_single_type,1,0,0,,,0
6323_R2_CATGAGTCACTACAGT-1,6323_R2,0,low_single_type,1,0,0,,,0
6323_R2_CATGAGTCATAAGCAA-1,6323_R2,0,low_single_type,1,0,0,,,0
6323_R2_CATGAGTGTCCAAATC-1,6323_R2,0,low_single_type,1,0,0,,,0
6323_R2_CATGAGTGTTGACGGA-1,6323_R2,0,low_single_type,1,0,0,,,0
6323_R2_CATGAGTGTTTCGGCG-1,6323_R2,0,low_single_type,1,0,0,,,0
6323_R2_CATGCAAAGGGCAGAG-1,6323_R2,0,low_single_type,1,0,0,,,0
6323_R2_CATGCAAAGGTGCTAG-1,6323_R2,0,low_single_type,1,0,0,,,0
6323_R2_CATGCAACAAGCACAG-1,6323_R2,0,low_single_type,1,0,0,,,0
6323_R2_CATGCAACATTCAGCA-1,6323_R2,0,low_single_type,1,0,0,,,0
6323_R2_CATGCAAGTCCTATAG-1,6323_R2,0,low_single_type,1,0,0,,,0
6323_R2_CATGCAAGTTCCCACT-1,6323_R2,0,low_single_type,1,0,0,,,0
6323_R2_CATGCAATCCAAGAGG-1,6323_R2,0,low_single_type,1,0,0,,,0
6323_R2_CATGCAATCTGTGCGG-1,6323_R2,0,low_single_type,1,0,0,,,0
6323_R2_CATGCCTTCGCTCATC-1,6323_R2,0,low_single_type,1,0,0,,,0
6323_R2_CATGCGGAGCGAGGAG-1,6323_R2,0,low_single_type,1,0,0,,,0
6323_R2_CATGCGGCACACCTTC-1,6323_R2,0,low_single_type,1,0,0,,,0
6323_R2_CATGCGGTCCGTTGGG-1,6323_R2,0,low_single_type,1,0,0,,,0
6323_R2_CATGCTCAGGTAGTAT-1,6323_R2,0,low_single_type,1,0,0,,,0
6323_R2_CATGCTCCACATTCTT-1,6323_R2,0,low_single_type,1,0,0,,,0
6323_R2_CATGCTCGTGCAGGAT-1,6323_R2,0,low_single_type,1,0,0,,,0
6323_R2_CATGCTCTCATTTGCT-1,6323_R2,0,low_single_type,1,0,0,,,0
6323_R2_CATGCTCTCGTCGGGT-1,6323_R2,0,low_single_type,1,0,0,,,0
6323_R2_CATGGATAGCGTCTGC-1,6323_R2,1,low_single_type,1,1,1,,,1
6323_R2_CATGGATAGCTTCTAG-1,6323_R2,0,low_single_type,1,0,0,,,0
6323_R2_CATGGATAGTAGAGTT-1,6323_R2,0,low_single_type,1,0,0,,,0
6323_R2_CATGGATAGTCACAGG-1,6323_R2,0,low_single_type,1,0,0,,,0
6323_R2_CATGGATCACACGCCA-1,6323_R2,0,low_single_type,1,0,0,,,0
6323_R2_CATGGATCAGATAAAC-1,6323_R2,0,low_single_type,1,0,0,,,0
6323_R2_CATGGATCATGTTCAG-1,6323_R2,0,low_single_type,1,0,0,,,0
6323_R2_CATGGTAAGCAACTCT-1,6323_R2,0,low_single_type,1,0,0,,,0
6323_R2_CATGGTAAGCCGGATA-1,6323_R2,0,low_single_type,1,0,0,,,0
6323_R2_CATGGTAAGTATAGAC-1,6323_R2,0,low_single_type,1,0,0,,,0
6323_R2_CATGGTACAAGAAATC-1,6323_R2,0,low_single_type,1,0,0,,,0
6323_R2_CATGGTACACTGTGTA-1,6323_R2,0,low_single_type,1,0,0,,,0
6323_R2_CATGGTAGTAAGTTGA-1,6323_R2,0,low_single_type,1,0,0,,,0
6323_R2_CATGGTAGTCCGCAGT-1,6323_R2,0,low_single_type,1,0,0,,,0
6323_R2_CATGGTATCAGCATTG-1,6323_R2,0,low_single_type,1,0,0,,,0
6323_R2_CATTCATAGACCAGCA-1,6323_R2,0,low_single_type,1,0,0,,,0
6323_R2_CATTCATCAAAGGGCT-1,6323_R2,0,low_single_type,1,0,0,,,0
6323_R2_CATTCATCACGTCGGT-1,6323_R2,0,low_single_type,1,0,0,,,0
6323_R2_CATTCATGTTGTTGAC-1,6323_R2,0,low_single_type,1,0,0,,,0
6323_R2_CATTCATTCACGTCCT-1,6323_R2,0,low_single_type,1,0,0,,,0
6323_R2_CATTCCGAGAATTTGG-1,6323_R2,0,low_single_type,1,0,0,,,0
6323_R2_CATTCCGGTCCATACA-1,6323_R2,0,low_single_type,1,0,0,,,0
6323_R2_CATTCTAAGACTCATC-1,6323_R2,0,low_single_type,1,0,0,,,0
6323_R2_CATTCTAAGGATATGT-1,6323_R2,0,low_single_type,1,0,0,,,0
6323_R2_CATTCTACAAATGAAC-1,6323_R2,0,low_single_type,1,0,0,,,0
6323_R2_CATTCTACACGGGTAA-1,6323_R2,0,low_single_type,1,0,0,,,0
6323_R2_CATTCTATCAGACCTA-1,6323_R2,0,low_single_type,1,0,0,,,0
6323_R2_CATTCTATCGTAGGAG-1,6323_R2,0,low_single_type,1,0,0,,,0
6323_R2_CATTGAGAGCCACTCG-1,6323_R2,0,low_single_type,1,0,0,,,0
6323_R2_CATTGAGAGCGCTTCG-1,6323_R2,0,low_single_type,1,0,0,,,0
6323_R2_CATTGAGCATGCCGAC-1,6323_R2,0,low_single_type,1,0,0,,,0
6323_R2_CATTGAGGTCATAGTC-1,6323_R2,0,low_single_type,1,0,0,,,0
6323_R2_CATTGAGGTTCTCCAC-1,6323_R2,0,low_single_type,1,0,0,,,0
6323_R2_CATTGCCAGGTAAAGG-1,6323_R2,0,low_single_type,1,0,0,,,0
6323_R2_CATTGCCAGTCTCGTA-1,6323_R2,0,low_single_type,1,0,0,,,0
6323_R2_CATTGCCTCAGACATC-1,6323_R2,0,low_single_type,1,0,0,,,0
6323_R2_CATTGCCTCATGTCTT-1,6323_R2,0,low_single_type,1,0,0,,,0
6323_R2_CATTGTTAGAGTTCGG-1,6323_R2,0,low_single_type,1,0,0,,,0
6323_R2_CATTGTTGTCAGGTAG-1,6323_R2,1,low_single_type,1,1,1,,,1
6323_R2_CATTGTTGTTAGCGGA-1,6323_R2,0,low_single_type,1,0,0,,,0
6323_R2_CATTTCAAGAAGAGCA-1,6323_R2,0,low_single_type,1,0,0,,,0
6323_R2_CATTTCACAACCCGCA-1,6323_R2,0,low_single_type,1,0,0,,,0
6323_R2_CATTTCAGTCGCTTAA-1,6323_R2,0,low_single_type,1,0,0,,,0
6323_R2_CATTTCAGTGCTCTTC-1,6323_R2,0,low_single_type,1,0,0,,,0
6323_R2_CATTTCATCCGCAGTG-1,6323_R2,0,low_single_type,1,0,0,,,0
6323_R2_CCAAGCGAGGGCAACT-1,6323_R2,0,low_single_type,1,0,0,,,0
6323_R2_CCAAGCGCATCAGTGT-1,6323_R2,0,low_single_type,1,0,0,,,0
6323_R2_CCAAGCGCATTATGCG-1,6323_R2,0,low_single_type,1,0,0,,,0
6323_R2_CCAAGCGGTCTAACGT-1,6323_R2,0,low_single_type,1,0,0,,,0
6323_R2_CCAAGCGGTTGGAGAC-1,6323_R2,0,low_single_type,1,0,0,,,0
6323_R2_CCAAGCGTCCCATTTA-1,6323_R2,0,low_single_type,1,0,0,,,0
6323_R2_CCAAGCGTCGGTAGGA-1,6323_R2,0,low_single_type,1,0,0,,,0
6323_R2_CCAATGAAGGACAAGA-1,6323_R2,0,low_single_type,1,0,0,,,0
6323_R2_CCAATGAAGTGAGCCA-1,6323_R2,0,low_single_type,1,0,0,,,0
6323_R2_CCAATGAGTGTCATCA-1,6323_R2,0,low_single_type,1,0,0,,,0
6323_R2_CCAATGAGTTAGCGGA-1,6323_R2,0,low_single_type,1,0,0,,,0
6323_R2_CCAATTTAGAGTATAC-1,6323_R2,0,low_single_type,1,0,0,,,0
6323_R2_CCAATTTCACAATGTC-1,6323_R2,0,low_single_type,1,0,0,,,0
6323_R2_CCAATTTGTATCATGC-1,6323_R2,0,low_single_type,1,0,0,,,0
6323_R2_CCAATTTGTGATTGGG-1,6323_R2,0,low_single_type,1,0,0,,,0
6323_R2_CCAATTTTCTTTACAC-1,6323_R2,0,low_single_type,1,0,0,,,0
6323_R2_CCACAAAAGCTCCGAC-1,6323_R2,0,low_single_type,1,0,0,,,0
6323_R2_CCACAAATCGGTATGT-1,6323_R2,0,low_single_type,1,0,0,,,0
6323_R2_CCACACTAGTTACGGG-1,6323_R2,0,low_single_type,1,0,0,,,0
6323_R2_CCACACTTCTCTATAC-1,6323_R2,0,low_single_type,1,0,0,,,0
6323_R2_CCACCATCACCAGTAT-1,6323_R2,0,low_single_type,1,0,0,,,0
6323_R2_CCACGAGAGGATTCAA-1,6323_R2,1,low_single_type,1,1,1,,,1
6323_R2_CCACGAGCATTGCTGA-1,6323_R2,0,low_single_type,1,0,0,,,0
6323_R2_CCACGTTAGCCTTCTC-1,6323_R2,0,low_single_type,1,0,0,,,0
6323_R2_CCACGTTCAAAGAACT-1,6323_R2,0,low_single_type,1,0,0,,,0
6323_R2_CCACGTTGTACGGATG-1,6323_R2,0,low_single_type,1,0,0,,,0
6323_R2_CCACTTGAGACTTCCA-1,6323_R2,0,low_single_type,1,0,0,,,0
6323_R2_CCACTTGAGGAGAATG-1,6323_R2,0,low_single_type,1,0,0,,,0
6323_R2_CCACTTGAGTGGTGAC-1,6323_R2,0,low_single_type,1,0,0,,,0
6323_R2_CCACTTGGTCGTTTCC-1,6323_R2,0,low_single_type,1,0,0,,,0
6323_R2_CCACTTGTCAGCACCG-1,6323_R2,0,low_single_type,1,0,0,,,0
6323_R2_CCATAAGTCGTTACCC-1,6323_R2,0,low_single_type,1,0,0,,,0
6323_R2_CCATCACAGCGCCGTT-1,6323_R2,0,low_single_type,1,0,0,,,0
6323_R2_CCATCACAGGCCCGTT-1,6323_R2,0,low_single_type,1,0,0,,,0
6323_R2_CCATCACCAAGTGGTG-1,6323_R2,0,low_single_type,1,0,0,,,0
6323_R2_CCATCACTCAGTGTCA-1,6323_R2,0,low_single_type,1,0,0,,,0
6323_R2_CCATCACTCCTCTCTT-1,6323_R2,0,low_single_type,1,0,0,,,0
6323_R2_CCATCACTCGAGTCCG-1,6323_R2,0,low_single_type,1,0,0,,,0
6323_R2_CCCAACTAGAGCTTTC-1,6323_R2,0,low_single_type,1,0,0,,,0
6323_R2_CCCAACTAGGTAAACT-1,6323_R2,0,low_single_type,1,0,0,,,0
6323_R2_CCCAACTAGTTCATCG-1,6323_R2,0,low_single_type,1,0,0,,,0
6323_R2_CCCAACTGTAATGTGA-1,6323_R2,0,low_single_type,1,0,0,,,0
6323_R2_CCCAACTTCTGCAGCG-1,6323_R2,0,low_single_type,1,0,0,,,0
6323_R2_CCCATTGAGAAGCTGC-1,6323_R2,0,low_single_type,1,0,0,,,0
6323_R2_CCCATTGAGATCCAAA-1,6323_R2,0,low_single_type,1,0,0,,,0
6323_R2_CCCATTGAGTTGAAGT-1,6323_R2,0,low_single_type,1,0,0,,,0
6323_R2_CCCATTGCAACCGTGC-1,6323_R2,0,low_single_type,1,0,0,,,0
6323_R2_CCCATTGTCACCCTTG-1,6323_R2,0,low_single_type,1,0,0,,,0
6323_R2_CCCATTGTCACGACTA-1,6323_R2,0,low_single_type,1,0,0,,,0
6323_R2_CCCGAAGCAGACGATG-1,6323_R2,0,low_single_type,1,0,0,,,0
6323_R2_CCCGAAGTCAACTCTT-1,6323_R2,0,low_single_type,1,0,0,,,0
6323_R2_CCCGAAGTCATGCTAG-1,6323_R2,0,low_single_type,1,0,0,,,0
6323_R2_CCCGAAGTCGTCTACC-1,6323_R2,0,low_single_type,1,0,0,,,0
6323_R2_CCCGGAACACAGCGCT-1,6323_R2,0,low_single_type,1,0,0,,,0
6323_R2_CCCGGAAGTACAAGCG-1,6323_R2,0,low_single_type,1,0,0,,,0
6323_R2_CCCGGAAGTCTCGGGT-1,6323_R2,0,low_single_type,1,0,0,,,0
6323_R2_CCCGGAAGTCTGCGCA-1,6323_R2,0,low_single_type,1,0,0,,,0
6323_R2_CCCGGAATCATAGACC-1,6323_R2,0,low_single_type,1,0,0,,,0
6323_R2_CCCGGAATCCATCTGC-1,6323_R2,0,low_single_type,1,0,0,,,0
6323_R2_CCCGGAATCTTCGATT-1,6323_R2,0,low_single_type,1,0,0,,,0
6323_R2_CCCTAACCAAACGAGC-1,6323_R2,0,low_single_type,1,0,0,,,0
6323_R2_CCCTAACCACGTTCGG-1,6323_R2,0,low_single_type,1,0,0,,,0
6323_R2_CCCTAACCATTGTAGC-1,6323_R2,0,low_single_type,1,0,0,,,0
6323_R2_CCCTAACGTGTTCGAT-1,6323_R2,0,low_single_type,1,0,0,,,0
6323_R2_CCCTCAAAGTCTAACC-1,6323_R2,0,low_single_type,1,0,0,,,0
6323_R2_CCCTCAAGTTGAGAGC-1,6323_R2,0,low_single_type,1,0,0,,,0
6323_R2_CCCTCTCCACAATCTG-1,6323_R2,0,low_single_type,1,0,0,,,0
6323_R2_CCCTCTCGTAGATCCT-1,6323_R2,0,low_single_type,1,0,0,,,0
6323_R2_CCCTCTCGTAGATTAG-1,6323_R2,0,low_single_type,1,0,0,,,0
6323_R2_CCCTCTCGTATCGTTG-1,6323_R2,0,low_single_type,1,0,0,,,0
6323_R2_CCCTCTCGTCTTCATT-1,6323_R2,0,low_single_type,1,0,0,,,0
6323_R2_CCCTCTCGTGAACGGT-1,6323_R2,0,low_single_type,1,0,0,,,0
6323_R2_CCCTCTCGTGAAGCTG-1,6323_R2,0,low_single_type,1,0,0,,,0
6323_R2_CCCTCTCTCAACTTTC-1,6323_R2,0,low_single_type,1,0,0,,,0
6323_R2_CCCTCTCTCATACGGT-1,6323_R2,0,low_single_type,1,0,0,,,0
6323_R2_CCCTCTCTCCGGTAAT-1,6323_R2,0,low_single_type,1,0,0,,,0
6323_R2_CCCTGATAGGGATGTC-1,6323_R2,0,low_single_type,1,0,0,,,0
6323_R2_CCCTGATCACAACGAG-1,6323_R2,0,low_single_type,1,0,0,,,0
6323_R2_CCCTGATCACTAGGCC-1,6323_R2,0,low_single_type,1,0,0,,,0
6323_R2_CCCTGATGTACCCGCA-1,6323_R2,0,low_single_type,1,0,0,,,0
6323_R2_CCCTGATGTCGACTTA-1,6323_R2,0,low_single_type,1,0,0,,,0
6323_R2_CCCTGATGTTCTTGCC-1,6323_R2,0,low_single_type,1,0,0,,,0
6323_R2_CCCTGATTCCGGACGT-1,6323_R2,0,low_single_type,1,0,0,,,0
6323_R2_CCCTTAGAGAGAGTTT-1,6323_R2,0,low_single_type,1,0,0,,,0
6323_R2_CCCTTAGGTAAGATCA-1,6323_R2,0,low_single_type,1,0,0,,,0
6323_R2_CCCTTAGGTCCACAGC-1,6323_R2,1,low_single_type,1,1,1,,,1
6323_R2_CCCTTAGTCAGGAAAT-1,6323_R2,0,low_single_type,1,0,0,,,0
6323_R2_CCCTTAGTCTAGTGTG-1,6323_R2,0,low_single_type,1,0,0,,,0
6323_R2_CCGAACGTCGCTCCTA-1,6323_R2,0,low_single_type,1,0,0,,,0
6323_R2_CCGATCTAGGTTCTTG-1,6323_R2,0,low_single_type,1,0,0,,,0
6323_R2_CCGATCTCAGATCACT-1,6323_R2,0,low_single_type,1,0,0,,,0
6323_R2_CCGATCTTCTCAAAGC-1,6323_R2,0,low_single_type,1,0,0,,,0
6323_R2_CCGATGGAGCAATAAC-1,6323_R2,0,low_single_type,1,0,0,,,0
6323_R2_CCGATGGAGTGATAGT-1,6323_R2,1,low_single_type,1,1,1,,,1
6323_R2_CCGATGGGTAAGTTAG-1,6323_R2,0,low_single_type,1,0,0,,,0
6323_R2_CCGATGGGTATCGTTG-1,6323_R2,0,low_single_type,1,0,0,,,0
6323_R2_CCGATGGTCATTACGG-1,6323_R2,0,low_single_type,1,0,0,,,0
6323_R2_CCGATGGTCCTGTAAG-1,6323_R2,0,low_single_type,1,0,0,,,0
6323_R2_CCGCAAGAGTGGAAAG-1,6323_R2,0,low_single_type,1,0,0,,,0
6323_R2_CCGGACAAGGGTACAC-1,6323_R2,0,low_single_type,1,0,0,,,0
6323_R2_CCGGACACATATCTGG-1,6323_R2,0,low_single_type,1,0,0,,,0
6323_R2_CCGGACACATGTGCCG-1,6323_R2,0,low_single_type,1,0,0,,,0
6323_R2_CCGGACAGTGTGATGG-1,6323_R2,0,low_single_type,1,0,0,,,0
6323_R2_CCGGACATCACTGTTT-1,6323_R2,0,low_single_type,1,0,0,,,0
6323_R2_CCGGACATCTGCACCT-1,6323_R2,0,low_single_type,1,0,0,,,0
6323_R2_CCGGGTAAGCACGTCC-1,6323_R2,0,low_single_type,1,0,0,,,0
6323_R2_CCGGGTACAACCAATC-1,6323_R2,0,low_single_type,1,0,0,,,0
6323_R2_CCGGGTACAACGAGGT-1,6323_R2,0,low_single_type,1,0,0,,,0
6323_R2_CCGGGTACAAGTGGCA-1,6323_R2,0,low_single_type,1,0,0,,,0
6323_R2_CCGGGTACACAGCCAC-1,6323_R2,0,low_single_type,1,0,0,,,0
6323_R2_CCGGGTAGTTAATGAG-1,6323_R2,0,low_single_type,1,0,0,,,0
6323_R2_CCGGTAGCACGCTATA-1,6323_R2,0,low_single_type,1,0,0,,,0
6323_R2_CCGGTAGGTAGTATAG-1,6323_R2,1,low_single_type,1,1,1,,,1
6323_R2_CCGGTAGGTATTGGCT-1,6323_R2,0,low_single_type,1,0,0,,,0
6323_R2_CCGGTAGGTGGGAGAG-1,6323_R2,0,low_single_type,1,0,0,,,0
6323_R2_CCGGTGAAGTTAGTAG-1,6323_R2,0,low_single_type,1,0,0,,,0
6323_R2_CCGGTGACAGCAATTC-1,6323_R2,0,low_single_type,1,0,0,,,0
6323_R2_CCGGTGACATCCGCGA-1,6323_R2,0,low_single_type,1,0,0,,,0
6323_R2_CCGGTGACATGTGACT-1,6323_R2,0,low_single_type,1,0,0,,,0
6323_R2_CCGGTGATCGACACTA-1,6323_R2,0,low_single_type,1,0,0,,,0
6323_R2_CCGTAGGAGCCTCCAG-1,6323_R2,0,low_single_type,1,0,0,,,0
6323_R2_CCGTAGGGTAGACAGC-1,6323_R2,0,low_single_type,1,0,0,,,0
6323_R2_CCGTAGGGTCGTCAGC-1,6323_R2,0,low_single_type,1,0,0,,,0
6323_R2_CCGTAGGTCATGAGGG-1,6323_R2,0,low_single_type,1,0,0,,,0
6323_R2_CCGTAGGTCGATGGAG-1,6323_R2,0,low_single_type,1,0,0,,,0
6323_R2_CCGTGAGAGCTCTTCC-1,6323_R2,0,low_single_type,1,0,0,,,0
6323_R2_CCGTGAGAGGATTCCT-1,6323_R2,0,low_single_type,1,0,0,,,0
6323_R2_CCGTGAGCACTCACTC-1,6323_R2,0,low_single_type,1,0,0,,,0
6323_R2_CCGTTCAAGGTGAGCT-1,6323_R2,0,low_single_type,1,0,0,,,0
6323_R2_CCGTTCACAACGAGGT-1,6323_R2,0,low_single_type,1,0,0,,,0
6323_R2_CCGTTCACAACTCCCT-1,6323_R2,0,low_single_type,1,0,0,,,0
6323_R2_CCGTTCACAGACCTGC-1,6323_R2,0,low_single_type,1,0,0,,,0
6323_R2_CCGTTCACATGTGGTT-1,6323_R2,0,low_single_type,1,0,0,,,0
6323_R2_CCTAACCCATTAAAGG-1,6323_R2,0,low_single_type,1,0,0,,,0
6323_R2_CCTAACCGTGCAATGG-1,6323_R2,0,low_single_type,1,0,0,,,0
6323_R2_CCTAACCTCCCGAGTG-1,6323_R2,0,low_single_type,1,0,0,,,0
6323_R2_CCTAAGAAGTACCCTA-1,6323_R2,0,low_single_type,1,0,0,,,0
6323_R2_CCTAAGACACCGTACG-1,6323_R2,0,low_single_type,1,0,0,,,0
6323_R2_CCTAAGACAGCAGATG-1,6323_R2,0,low_single_type,1,0,0,,,0
6323_R2_CCTAAGATCAGTGCGC-1,6323_R2,0,low_single_type,1,0,0,,,0
6323_R2_CCTAAGATCATTCGTT-1,6323_R2,0,low_single_type,1,0,0,,,0
6323_R2_CCTACGTAGCTACTGT-1,6323_R2,0,low_single_type,1,0,0,,,0
6323_R2_CCTACGTGTCTGCAAT-1,6323_R2,0,low_single_type,1,0,0,,,0
6323_R2_CCTACGTTCCAAGCTA-1,6323_R2,0,low_single_type,1,0,0,,,0
6323_R2_CCTACGTTCGTGCGAC-1,6323_R2,0,low_single_type,1,0,0,,,0
6323_R2_CCTATCGCAAGTCCCG-1,6323_R2,1,low_single_type,1,1,1,,,1
6323_R2_CCTATCGCACGGCTAC-1,6323_R2,0,low_single_type,1,0,0,,,0
6323_R2_CCTATCGTCGCTGCGA-1,6323_R2,0,low_single_type,1,0,0,,,0
6323_R2_CCTCAACAGTAAATGC-1,6323_R2,0,low_single_type,1,0,0,,,0
6323_R2_CCTCAACCACCAAATC-1,6323_R2,0,low_single_type,1,0,0,,,0
6323_R2_CCTCAACGTGCCTTCT-1,6323_R2,0,low_single_type,1,0,0,,,0
6323_R2_CCTCAACTCAAGCCAT-1,6323_R2,0,low_single_type,1,0,0,,,0
6323_R2_CCTCACAAGCGACAGT-1,6323_R2,0,low_single_type,1,0,0,,,0
6323_R2_CCTCACAAGCGGCTCT-1,6323_R2,0,low_single_type,1,0,0,,,0
6323_R2_CCTCACAAGGCTTCCG-1,6323_R2,0,low_single_type,1,0,0,,,0
6323_R2_CCTCACACAACTGCTA-1,6323_R2,0,low_single_type,1,0,0,,,0
6323_R2_CCTCACATCAAAGCCT-1,6323_R2,0,low_single_type,1,0,0,,,0
6323_R2_CCTCACATCAAGAGTA-1,6323_R2,0,low_single_type,1,0,0,,,0
6323_R2_CCTCAGTTCATACGAC-1,6323_R2,0,low_single_type,1,0,0,,,0
6323_R2_CCTCAGTTCGGACTTA-1,6323_R2,0,low_single_type,1,0,0,,,0
6323_R2_CCTCAGTTCGTTGCCT-1,6323_R2,1,low_single_type,1,1,1,,,1
6323_R2_CCTCATGAGAAGCTGC-1,6323_R2,0,low_single_type,1,0,0,,,0
6323_R2_CCTCATGAGCAGCCCT-1,6323_R2,0,low_single_type,1,0,0,,,0
6323_R2_CCTCATGCATGATAGA-1,6323_R2,0,low_single_type,1,0,0,,,0
6323_R2_CCTCATGGTCGTATTG-1,6323_R2,0,low_single_type,1,0,0,,,0
6323_R2_CCTCATGTCGCCTATC-1,6323_R2,0,low_single_type,1,0,0,,,0
6323_R2_CCTCCAAAGTGGCCTC-1,6323_R2,0,low_single_type,1,0,0,,,0
6323_R2_CCTCCAACACGGCACT-1,6323_R2,0,low_single_type,1,0,0,,,0
6323_R2_CCTCCAACATGGAATA-1,6323_R2,0,low_single_type,1,0,0,,,0
6323_R2_CCTCCAATCCCGTGTT-1,6323_R2,0,low_single_type,1,0,0,,,0
6323_R2_CCTCCTCAGATTGATG-1,6323_R2,0,low_single_type,1,0,0,,,0
6323_R2_CCTCCTCAGGTCTACT-1,6323_R2,0,low_single_type,1,0,0,,,0
6323_R2_CCTCCTCAGTACCGGA-1,6323_R2,0,low_single_type,1,0,0,,,0
6323_R2_CCTCCTCCAACTGGTT-1,6323_R2,0,low_single_type,1,0,0,,,0
6323_R2_CCTCCTCTCGAGCCTG-1,6323_R2,0,low_single_type,1,0,0,,,0
6323_R2_CCTCCTCTCGATGCAT-1,6323_R2,1,low_single_type,1,1,1,,,1
6323_R2_CCTCTAGAGATGTTGA-1,6323_R2,1,low_single_type,1,1,1,,,1
6323_R2_CCTCTAGAGGTGGGTT-1,6323_R2,0,low_single_type,1,0,0,,,0
6323_R2_CCTCTAGGTCAAAGAT-1,6323_R2,0,low_single_type,1,0,0,,,0
6323_R2_CCTCTAGTCCTGGGTG-1,6323_R2,0,low_single_type,1,0,0,,,0
6323_R2_CCTCTCCAGATGTAGT-1,6323_R2,0,low_single_type,1,0,0,,,0
6323_R2_CCTCTCCCAGCTCCTT-1,6323_R2,0,low_single_type,1,0,0,,,0
6323_R2_CCTCTCCCAGGGAATC-1,6323_R2,0,low_single_type,1,0,0,,,0
6323_R2_CCTGCATAGGGCAACT-1,6323_R2,0,low_single_type,1,0,0,,,0
6323_R2_CCTGCATCAATGAGCG-1,6323_R2,0,low_single_type,1,0,0,,,0
6323_R2_CCTGCATCACCCTGTT-1,6323_R2,0,low_single_type,1,0,0,,,0
6323_R2_CCTGCATCACGCTTAA-1,6323_R2,0,low_single_type,1,0,0,,,0
6323_R2_CCTGCATTCACCTCAC-1,6323_R2,0,low_single_type,1,0,0,,,0
6323_R2_CCTGCATTCAGGAGAC-1,6323_R2,0,low_single_type,1,0,0,,,0
6323_R2_CCTGTTGCAAGTTCCA-1,6323_R2,0,low_single_type,1,0,0,,,0
6323_R2_CCTGTTGTCTTACGTT-1,6323_R2,0,low_single_type,1,0,0,,,0
6323_R2_CCTTCAGAGCAATTAG-1,6323_R2,0,low_single_type,1,0,0,,,0
6323_R2_CCTTCAGAGTGCCGAA-1,6323_R2,0,low_single_type,1,0,0,,,0
6323_R2_CCTTCAGCAGCGCTTG-1,6323_R2,0,low_single_type,1,0,0,,,0
6323_R2_CCTTCAGCATAAGCGG-1,6323_R2,0,low_single_type,1,0,0,,,0
6323_R2_CCTTCAGCATAGAATG-1,6323_R2,0,low_single_type,1,0,0,,,0
6323_R2_CCTTCAGCATTCAGGT-1,6323_R2,0,low_single_type,1,0,0,,,0
6323_R2_CCTTCAGTCGCCTTTG-1,6323_R2,0,low_single_type,1,0,0,,,0
6323_R2_CCTTGTGAGCCGCACT-1,6323_R2,0,low_single_type,1,0,0,,,0
6323_R2_CCTTGTGGTAATGCGG-1,6323_R2,0,low_single_type,1,0,0,,,0
6323_R2_CCTTGTGGTGTTTACG-1,6323_R2,0,low_single_type,1,0,0,,,0
6323_R2_CCTTTGGCAAACGGCA-1,6323_R2,0,low_single_type,1,0,0,,,0
6323_R2_CCTTTGGCAAACTCGT-1,6323_R2,0,low_single_type,1,0,0,,,0
6323_R2_CCTTTGGTCCCAGGCA-1,6323_R2,0,low_single_type,1,0,0,,,0
6323_R2_CCTTTGGTCTCTATAC-1,6323_R2,0,low_single_type,1,0,0,,,0
6323_R2_CGAAGGACAGCTACCG-1,6323_R2,0,low_single_type,1,0,0,,,0
6323_R2_CGAAGGAGTCAGCTTA-1,6323_R2,0,low_single_type,1,0,0,,,0
6323_R2_CGAAGGAGTGTCCATA-1,6323_R2,0,low_single_type,1,0,0,,,0
6323_R2_CGAAGGATCGGTTGTA-1,6323_R2,0,low_single_type,1,0,0,,,0
6323_R2_CGAAGGATCTCAATCT-1,6323_R2,0,low_single_type,1,0,0,,,0
6323_R2_CGAAGTTAGATGTAGT-1,6323_R2,0,low_single_type,1,0,0,,,0
6323_R2_CGAAGTTGTATCAAGA-1,6323_R2,0,low_single_type,1,0,0,,,0
6323_R2_CGAAGTTGTTATGACC-1,6323_R2,0,low_single_type,1,0,0,,,0
6323_R2_CGAATTGGTCTTGCTC-1,6323_R2,0,low_single_type,1,0,0,,,0
6323_R2_CGAATTGTCCAAGCCG-1,6323_R2,0,low_single_type,1,0,0,,,0
6323_R2_CGAATTGTCCGATGCG-1,6323_R2,0,low_single_type,1,0,0,,,0
6323_R2_CGACAGCAGGGCCTCT-1,6323_R2,0,low_single_type,1,0,0,,,0
6323_R2_CGACAGCCACGAAAGC-1,6323_R2,0,low_single_type,1,0,0,,,0
6323_R2_CGACAGCCATCGATCA-1,6323_R2,0,low_single_type,1,0,0,,,0
6323_R2_CGACAGCGTAATTGGA-1,6323_R2,0,low_single_type,1,0,0,,,0
6323_R2_CGACAGCGTGCCGTAC-1,6323_R2,0,low_single_type,1,0,0,,,0
6323_R2_CGACAGCTCAAGTGTC-1,6323_R2,0,low_single_type,1,0,0,,,0
6323_R2_CGACAGCTCTCCTACG-1,6323_R2,0,low_single_type,1,0,0,,,0
6323_R2_CGAGAAGGTGAGTCAG-1,6323_R2,0,low_single_type,1,0,0,,,0
6323_R2_CGAGAAGGTTCGTTCC-1,6323_R2,0,low_single_type,1,0,0,,,0
6323_R2_CGAGAAGTCACTCACC-1,6323_R2,0,low_single_type,1,0,0,,,0
6323_R2_CGAGGAACAGGTCAAG-1,6323_R2,0,low_single_type,1,0,0,,,0
6323_R2_CGAGGAATCGATAACC-1,6323_R2,0,low_single_type,1,0,0,,,0
6323_R2_CGAGGAATCGCTTGCT-1,6323_R2,0,low_single_type,1,0,0,,,0
6323_R2_CGAGGCTAGATTGACA-1,6323_R2,0,low_single_type,1,0,0,,,0
6323_R2_CGAGGCTCAACGACAG-1,6323_R2,0,low_single_type,1,0,0,,,0
6323_R2_CGAGGCTGTCTGTGAT-1,6323_R2,0,low_single_type,1,0,0,,,0
6323_R2_CGAGGCTGTGCTGATT-1,6323_R2,0,low_single_type,1,0,0,,,0
6323_R2_CGAGTGCAGGACAGCT-1,6323_R2,0,low_single_type,1,0,0,,,0
6323_R2_CGAGTGCTCAAGCTTG-1,6323_R2,0,low_single_type,1,0,0,,,0
6323_R2_CGAGTGCTCTACTCAT-1,6323_R2,0,low_single_type,1,0,0,,,0
6323_R2_CGAGTTACATAACGGG-1,6323_R2,0,low_single_type,1,0,0,,,0
6323_R2_CGATCGGTCCCGTGAG-1,6323_R2,0,low_single_type,1,0,0,,,0
6323_R2_CGATCGGTCGAGATAA-1,6323_R2,0,low_single_type,1,0,0,,,0
6323_R2_CGATCGGTCTCCCAAC-1,6323_R2,0,low_single_type,1,0,0,,,0
6323_R2_CGATGCGAGGTCGTCC-1,6323_R2,0,low_single_type,1,0,0,,,0
6323_R2_CGATGCGAGTATTAGG-1,6323_R2,0,low_single_type,1,0,0,,,0
6323_R2_CGATGCGCAAGAAACT-1,6323_R2,0,low_single_type,1,0,0,,,0
6323_R2_CGATGCGCAATCGAAA-1,6323_R2,0,low_single_type,1,0,0,,,0
6323_R2_CGATGCGGTTCTTAGG-1,6323_R2,0,low_single_type,1,0,0,,,0
6323_R2_CGATGCGTCGGCTTCT-1,6323_R2,0,low_single_type,1,0,0,,,0
6323_R2_CGATGGCAGGATCATA-1,6323_R2,0,low_single_type,1,0,0,,,0
6323_R2_CGATGGCTCCATCTAT-1,6323_R2,0,low_single_type,1,0,0,,,0
6323_R2_CGATGGCTCTCCCAAC-1,6323_R2,0,low_single_type,1,0,0,,,0
6323_R2_CGCAGGTAGCCTCAGC-1,6323_R2,0,low_single_type,1,0,0,,,0
6323_R2_CGCAGGTCAACTCCAA-1,6323_R2,0,low_single_type,1,0,0,,,0
6323_R2_CGCAGGTCAAGTAGTA-1,6323_R2,0,low_single_type,1,0,0,,,0
6323_R2_CGCAGGTTCCGCAGTG-1,6323_R2,0,low_single_type,1,0,0,,,0
6323_R2_CGCATAACACGGCGTT-1,6323_R2,0,low_single_type,1,0,0,,,0
6323_R2_CGCATAACAGAGGCAT-1,6323_R2,0,low_single_type,1,0,0,,,0
6323_R2_CGCATAATCTATACTC-1,6323_R2,0,low_single_type,1,0,0,,,0
6323_R2_CGCATGGAGCACCAGA-1,6323_R2,0,low_single_type,1,0,0,,,0
6323_R2_CGCATGGAGGGCATGT-1,6323_R2,0,low_single_type,1,0,0,,,0
6323_R2_CGCATGGCACAACGAG-1,6323_R2,0,low_single_type,1,0,0,,,0
6323_R2_CGCATGGGTGATAGTA-1,6323_R2,0,low_single_type,1,0,0,,,0
6323_R2_CGCATGGGTTGGGTTT-1,6323_R2,0,low_single_type,1,0,0,,,0
6323_R2_CGCATGGGTTGGTAGG-1,6323_R2,0,low_single_type,1,0,0,,,0
6323_R2_CGCATGGTCGACTCCT-1,6323_R2,0,low_single_type,1,0,0,,,0
6323_R2_CGCATGGTCTCTAGGA-1,6323_R2,0,low_single_type,1,0,0,,,0
6323_R2_CGCCAGAAGCTGGAGT-1,6323_R2,0,low_single_type,1,0,0,,,0
6323_R2_CGCCAGAGTAGAGGAA-1,6323_R2,0,low_single_type,1,0,0,,,0
6323_R2_CGCCAGAGTATACAGA-1,6323_R2,0,low_single_type,1,0,0,,,0
6323_R2_CGCCATTGTTGCACGC-1,6323_R2,1,low_single_type,1,1,1,,,1
6323_R2_CGCCATTGTTGCGAAG-1,6323_R2,0,low_single_type,1,0,0,,,0
6323_R2_CGCGTGACAGCGACAA-1,6323_R2,0,low_single_type,1,0,0,,,0
6323_R2_CGCGTGAGTACGTGTT-1,6323_R2,0,low_single_type,1,0,0,,,0
6323_R2_CGCGTGAGTCACTAGT-1,6323_R2,0,low_single_type,1,0,0,,,0
6323_R2_CGCGTGAGTTATTCTC-1,6323_R2,0,low_single_type,1,0,0,,,0
6323_R2_CGCGTGATCACTGCTC-1,6323_R2,0,low_single_type,1,0,0,,,0
6323_R2_CGGAACCCATTGAAGA-1,6323_R2,0,low_single_type,1,0,0,,,0
6323_R2_CGGAACCGTGACAGCA-1,6323_R2,0,low_single_type,1,0,0,,,0
6323_R2_CGGAATTAGACGCATG-1,6323_R2,0,low_single_type,1,0,0,,,0
6323_R2_CGGAATTAGACGGTTG-1,6323_R2,0,low_single_type,1,0,0,,,0
6323_R2_CGGAATTCACCTCTAC-1,6323_R2,1,low_single_type,1,1,1,,,1
6323_R2_CGGAATTGTTGCTTGA-1,6323_R2,0,low_single_type,1,0,0,,,0
6323_R2_CGGAATTTCAGGCGAA-1,6323_R2,0,low_single_type,1,0,0,,,0
6323_R2_CGGACACAGGACAGCT-1,6323_R2,0,low_single_type,1,0,0,,,0
6323_R2_CGGACACCAACCCTAA-1,6323_R2,0,low_single_type,1,0,0,,,0
6323_R2_CGGACACCAATATCCG-1,6323_R2,0,low_single_type,1,0,0,,,0
6323_R2_CGGACACCAGAACTTC-1,6323_R2,0,low_single_type,1,0,0,,,0
6323_R2_CGGACACGTGGGATTG-1,6323_R2,0,low_single_type,1,0,0,,,0
6323_R2_CGGACACTCTGGAGAG-1,6323_R2,0,low_single_type,1,0,0,,,0
6323_R2_CGGAGAAAGAGATGCC-1,6323_R2,0,low_single_type,1,0,0,,,0
6323_R2_CGGAGAAGTCCGACGT-1,6323_R2,0,low_single_type,1,0,0,,,0
6323_R2_CGGAGAAGTTACACAC-1,6323_R2,0,low_single_type,1,0,0,,,0
6323_R2_CGGAGAAGTTCCGTTC-1,6323_R2,0,low_single_type,1,0,0,,,0
6323_R2_CGGAGAATCCTGATAG-1,6323_R2,0,low_single_type,1,0,0,,,0
6323_R2_CGGAGAATCTGTGCTC-1,6323_R2,0,low_single_type,1,0,0,,,0
6323_R2_CGGCAGTAGAAATCCA-1,6323_R2,0,low_single_type,1,0,0,,,0
6323_R2_CGGCAGTCAAGGCAAC-1,6323_R2,0,low_single_type,1,0,0,,,0
6323_R2_CGGCAGTGTACTGCGC-1,6323_R2,0,low_single_type,1,0,0,,,0
6323_R2_CGGCAGTGTGTGCCTG-1,6323_R2,0,low_single_type,1,0,0,,,0
6323_R2_CGGGACTCATCGAACT-1,6323_R2,0,low_single_type,1,0,0,,,0
6323_R2_CGGGACTGTTACCCTC-1,6323_R2,0,low_single_type,1,0,0,,,0
6323_R2_CGGGACTTCGTACCTC-1,6323_R2,0,low_single_type,1,0,0,,,0
6323_R2_CGGGCATAGACACACG-1,6323_R2,0,low_single_type,1,0,0,,,0
6323_R2_CGGGCATAGGTAGCCA-1,6323_R2,0,low_single_type,1,0,0,,,0
6323_R2_CGGGCATAGGTAGGCT-1,6323_R2,0,low_single_type,1,0,0,,,0
6323_R2_CGGGCATAGTAACAGT-1,6323_R2,0,low_single_type,1,0,0,,,0
6323_R2_CGGGCATCAAATTGCC-1,6323_R2,0,low_single_type,1,0,0,,,0
6323_R2_CGGGCATCAATCACGT-1,6323_R2,0,low_single_type,1,0,0,,,0
6323_R2_CGGGTGTGTACGAAAT-1,6323_R2,0,low_single_type,1,0,0,,,0
6323_R2_CGGTCAGAGGCAGCTA-1,6323_R2,0,low_single_type,1,0,0,,,0
6323_R2_CGGTCAGAGGGTAATT-1,6323_R2,0,low_single_type,1,0,0,,,0
6323_R2_CGGTCAGAGTTGGAGC-1,6323_R2,0,low_single_type,1,0,0,,,0
6323_R2_CGGTCAGCAACATCGT-1,6323_R2,0,low_single_type,1,0,0,,,0
6323_R2_CGGTCAGCACCACTGG-1,6323_R2,0,low_single_type,1,0,0,,,0
6323_R2_CGGTCAGGTGATACCT-1,6323_R2,0,low_single_type,1,0,0,,,0
6323_R2_CGTAAGTAGAATTCAG-1,6323_R2,0,low_single_type,1,0,0,,,0
6323_R2_CGTAAGTCAAATCGGG-1,6323_R2,0,low_single_type,1,0,0,,,0
6323_R2_CGTAAGTCAGACCAGA-1,6323_R2,0,low_single_type,1,0,0,,,0
6323_R2_CGTAAGTGTTCAAAGA-1,6323_R2,0,low_single_type,1,0,0,,,0
6323_R2_CGTAAGTTCGCTTAAG-1,6323_R2,0,low_single_type,1,0,0,,,0
6323_R2_CGTAATGAGAACGTGC-1,6323_R2,0,low_single_type,1,0,0,,,0
6323_R2_CGTAATGAGCAGATAT-1,6323_R2,0,low_single_type,1,0,0,,,0
6323_R2_CGTAATGAGGGTTGCA-1,6323_R2,0,low_single_type,1,0,0,,,0
6323_R2_CGTAATGGTACGCGTC-1,6323_R2,0,low_single_type,1,0,0,,,0
6323_R2_CGTAGTAAGACTCCGC-1,6323_R2,0,low_single_type,1,0,0,,,0
6323_R2_CGTAGTAAGAGCAAGA-1,6323_R2,1,low_single_type,1,1,1,,,1
6323_R2_CGTAGTAAGCTGTCCG-1,6323_R2,0,low_single_type,1,0,0,,,0
6323_R2_CGTAGTAAGTTACGGG-1,6323_R2,0,low_single_type,1,0,0,,,0
6323_R2_CGTAGTAGTACGATCT-1,6323_R2,0,low_single_type,1,0,0,,,0
6323_R2_CGTCAAAAGTCATACC-1,6323_R2,0,low_single_type,1,0,0,,,0
6323_R2_CGTCAAACAACCTATG-1,6323_R2,0,low_single_type,1,0,0,,,0
6323_R2_CGTCAAACACGCTTAA-1,6323_R2,0,low_single_type,1,0,0,,,0
6323_R2_CGTCAAAGTATTAAGG-1,6323_R2,1,low_single_type,1,1,1,,,1
6323_R2_CGTCAAAGTTCGGACC-1,6323_R2,0,low_single_type,1,0,0,,,0
6323_R2_CGTCAAATCGATGCAT-1,6323_R2,0,low_single_type,1,0,0,,,0
6323_R2_CGTCCATAGAGTGACC-1,6323_R2,0,low_single_type,1,0,0,,,0
6323_R2_CGTCCATAGGATGGCT-1,6323_R2,0,low_single_type,1,0,0,,,0
6323_R2_CGTCCATCATGGATCT-1,6323_R2,0,low_single_type,1,0,0,,,0
6323_R2_CGTCCATGTCGAACAG-1,6323_R2,0,low_single_type,1,0,0,,,0
6323_R2_CGTCCATTCATCCTAT-1,6323_R2,0,low_single_type,1,0,0,,,0
6323_R2_CGTCCATTCTACAGGT-1,6323_R2,0,low_single_type,1,0,0,,,0
6323_R2_CGTGAATAGAATAACC-1,6323_R2,0,low_single_type,1,0,0,,,0
6323_R2_CGTGAATAGAATCGTA-1,6323_R2,0,low_single_type,1,0,0,,,0
6323_R2_CGTGAATAGCGTTACT-1,6323_R2,0,low_single_type,1,0,0,,,0
6323_R2_CGTGAATAGGACTTCT-1,6323_R2,0,low_single_type,1,0,0,,,0
6323_R2_CGTGAATGTAGACGGT-1,6323_R2,0,low_single_type,1,0,0,,,0
6323_R2_CGTGAATGTAGCTTAC-1,6323_R2,0,low_single_type,1,0,0,,,0
6323_R2_CGTGAATTCCTAAGTG-1,6323_R2,0,low_single_type,1,0,0,,,0
6323_R2_CGTGATACATGCTGCG-1,6323_R2,0,low_single_type,1,0,0,,,0
6323_R2_CGTGATAGTCTAACTG-1,6323_R2,0,low_single_type,1,0,0,,,0
6323_R2_CGTGATAGTGGAAGTC-1,6323_R2,0,low_single_type,1,0,0,,,0
6323_R2_CGTGATATCATCGACA-1,6323_R2,0,low_single_type,1,0,0,,,0
6323_R2_CGTGATATCATCGCTC-1,6323_R2,0,low_single_type,1,0,0,,,0
6323_R2_CGTGATATCGGACTTA-1,6323_R2,0,low_single_type,1,0,0,,,0
6323_R2_CGTGCTTCACGGTCTG-1,6323_R2,0,low_single_type,1,0,0,,,0
6323_R2_CGTGCTTCAGTGGTGA-1,6323_R2,0,low_single_type,1,0,0,,,0
6323_R2_CGTGCTTGTCGGTAAG-1,6323_R2,0,low_single_type,1,0,0,,,0
6323_R2_CGTGCTTGTGTTAAAG-1,6323_R2,0,low_single_type,1,0,0,,,0
6323_R2_CGTGCTTTCCAGTTCC-1,6323_R2,0,low_single_type,1,0,0,,,0
6323_R2_CGTGTCTCAACAGATA-1,6323_R2,0,low_single_type,1,0,0,,,0
6323_R2_CGTGTCTGTAGCTGCC-1,6323_R2,0,low_single_type,1,0,0,,,0
6323_R2_CGTGTCTTCACGATCA-1,6323_R2,0,low_single_type,1,0,0,,,0
6323_R2_CGTGTCTTCACGGACC-1,6323_R2,0,low_single_type,1,0,0,,,0
6323_R2_CGTTAGAGTACGGTTT-1,6323_R2,0,low_single_type,1,0,0,,,0
6323_R2_CGTTCTGAGTAAAGCT-1,6323_R2,0,low_single_type,1,0,0,,,0
6323_R2_CGTTCTGCACGGTGAA-1,6323_R2,0,low_single_type,1,0,0,,,0
6323_R2_CGTTCTGCAGAGGTAC-1,6323_R2,0,low_single_type,1,0,0,,,0
6323_R2_CGTTCTGTCGAGAACG-1,6323_R2,0,low_single_type,1,0,0,,,0
6323_R2_CGTTCTGTCGCTCATC-1,6323_R2,0,low_single_type,1,0,0,,,0
6323_R2_CGTTGGGGTGTAGCAG-1,6323_R2,0,low_single_type,1,0,0,,,0
6323_R2_CTAACCCAGTCTACCA-1,6323_R2,0,low_single_type,1,0,0,,,0
6323_R2_CTAACCCTCGCGGTAC-1,6323_R2,0,low_single_type,1,0,0,,,0
6323_R2_CTAACCCTCGGTGTTA-1,6323_R2,0,low_single_type,1,0,0,,,0
6323_R2_CTAACTTAGCTATCTG-1,6323_R2,0,low_single_type,1,0,0,,,0
6323_R2_CTAACTTAGGTGGGTT-1,6323_R2,0,low_single_type,1,0,0,,,0
6323_R2_CTAACTTCAGCAGAAC-1,6323_R2,0,low_single_type,1,0,0,,,0
6323_R2_CTAAGTGAGTAGTCCT-1,6323_R2,0,low_single_type,1,0,0,,,0
6323_R2_CTAAGTGCAATCTCTT-1,6323_R2,0,low_single_type,1,0,0,,,0
6323_R2_CTAAGTGGTGCTTCAA-1,6323_R2,0,low_single_type,1,0,0,,,0
6323_R2_CTACAGATCCTCGCAT-1,6323_R2,1,low_single_type,1,1,1,,,1
6323_R2_CTACATTGTTAATCGC-1,6323_R2,0,low_single_type,1,0,0,,,0
6323_R2_CTACATTTCAGTGTTG-1,6323_R2,0,low_single_type,1,0,0,,,0
6323_R2_CTACCCAAGTCACAGG-1,6323_R2,0,low_single_type,1,0,0,,,0
6323_R2_CTACCCAGTAGATTAG-1,6323_R2,0,low_single_type,1,0,0,,,0
6323_R2_CTACCCATCAGCAGAG-1,6323_R2,0,low_single_type,1,0,0,,,0
6323_R2_CTACCCATCGCGGTAC-1,6323_R2,0,low_single_type,1,0,0,,,0
6323_R2_CTACCTGCAGCAGTGA-1,6323_R2,0,low_single_type,1,0,0,,,0
6323_R2_CTACCTGGTGTCCGTG-1,6323_R2,0,low_single_type,1,0,0,,,0
6323_R2_CTACCTGGTTCGGTCG-1,6323_R2,0,low_single_type,1,0,0,,,0
6323_R2_CTACCTGGTTGAAGTA-1,6323_R2,0,low_single_type,1,0,0,,,0
6323_R2_CTACCTGTCAACCTTT-1,6323_R2,0,low_single_type,1,0,0,,,0
6323_R2_CTACGGGCACCTGATA-1,6323_R2,0,low_single_type,1,0,0,,,0
6323_R2_CTACTATAGGATTTAG-1,6323_R2,0,low_single_type,1,0,0,,,0
6323_R2_CTAGACACAAGCGCAA-1,6323_R2,0,low_single_type,1,0,0,,,0
6323_R2_CTAGACACACACAGAG-1,6323_R2,0,low_single_type,1,0,0,,,0
6323_R2_CTAGACATCATTCATC-1,6323_R2,0,low_single_type,1,0,0,,,0
6323_R2_CTAGACATCCGACATA-1,6323_R2,0,low_single_type,1,0,0,,,0
6323_R2_CTAGGTAAGAAATCCA-1,6323_R2,0,low_single_type,1,0,0,,,0
6323_R2_CTAGGTAAGGCTGAAC-1,6323_R2,0,low_single_type,1,0,0,,,0
6323_R2_CTAGGTACAACCCTAA-1,6323_R2,0,low_single_type,1,0,0,,,0
6323_R2_CTAGGTACAGTCCGTG-1,6323_R2,0,low_single_type,1,0,0,,,0
6323_R2_CTAGGTACATCTAACG-1,6323_R2,0,low_single_type,1,0,0,,,0
6323_R2_CTAGGTAGTCCACACG-1,6323_R2,0,low_single_type,1,0,0,,,0
6323_R2_CTATAGGAGTCAAGCG-1,6323_R2,0,low_single_type,1,0,0,,,0
6323_R2_CTATAGGAGTTCCAGT-1,6323_R2,0,low_single_type,1,0,0,,,0
6323_R2_CTATAGGGTTAGTCGT-1,6323_R2,0,low_single_type,1,0,0,,,0
6323_R2_CTATCCGAGCCGATAG-1,6323_R2,0,low_single_type,1,0,0,,,0
6323_R2_CTATCCGCAAGACGGT-1,6323_R2,0,low_single_type,1,0,0,,,0
6323_R2_CTATCCGCAATCTCGA-1,6323_R2,0,low_single_type,1,0,0,,,0
6323_R2_CTATCCGCAGGACTAG-1,6323_R2,0,low_single_type,1,0,0,,,0
6323_R2_CTATCCGCATGACTAC-1,6323_R2,0,low_single_type,1,0,0,,,0
6323_R2_CTATCTAAGGCAGTCA-1,6323_R2,0,low_single_type,1,0,0,,,0
6323_R2_CTATCTAAGGCGTTAG-1,6323_R2,0,low_single_type,1,0,0,,,0
6323_R2_CTATCTACACTGTTCC-1,6323_R2,0,low_single_type,1,0,0,,,0
6323_R2_CTATCTATCAACCCGG-1,6323_R2,0,low_single_type,1,0,0,,,0
6323_R2_CTATCTATCTCGTGAA-1,6323_R2,0,low_single_type,1,0,0,,,0
6323_R2_CTCAACCAGATTGACA-1,6323_R2,0,low_single_type,1,0,0,,,0
6323_R2_CTCAACCAGCGCTTCG-1,6323_R2,0,low_single_type,1,0,0,,,0
6323_R2_CTCAACCTCCCAGCGA-1,6323_R2,0,low_single_type,1,0,0,,,0
6323_R2_CTCAACCTCGCAACAT-1,6323_R2,0,low_single_type,1,0,0,,,0
6323_R2_CTCAAGAAGGACTGGT-1,6323_R2,0,low_single_type,1,0,0,,,0
6323_R2_CTCAAGACATGTTTGG-1,6323_R2,0,low_single_type,1,0,0,,,0
6323_R2_CTCAAGAGTTCCTAGA-1,6323_R2,0,low_single_type,1,0,0,,,0
6323_R2_CTCAAGAGTTGCGAAG-1,6323_R2,0,low_single_type,1,0,0,,,0
6323_R2_CTCAAGATCAAGTAAG-1,6323_R2,0,low_single_type,1,0,0,,,0
6323_R2_CTCAAGATCGCGTAGC-1,6323_R2,0,low_single_type,1,0,0,,,0
6323_R2_CTCAATTAGTCTGGAG-1,6323_R2,0,low_single_type,1,0,0,,,0
6323_R2_CTCAATTGTTCAATCG-1,6323_R2,0,low_single_type,1,0,0,,,0
6323_R2_CTCAATTTCGGAGATG-1,6323_R2,0,low_single_type,1,0,0,,,0
6323_R2_CTCAATTTCTAGCCTC-1,6323_R2,0,low_single_type,1,0,0,,,0
6323_R2_CTCACTGCAAACGAGC-1,6323_R2,0,low_single_type,1,0,0,,,0
6323_R2_CTCACTGGTACAAGTA-1,6323_R2,0,low_single_type,1,0,0,,,0
6323_R2_CTCACTGGTCACAATC-1,6323_R2,0,low_single_type,1,0,0,,,0
6323_R2_CTCACTGGTTGGATCT-1,6323_R2,0,low_single_type,1,0,0,,,0
6323_R2_CTCACTGTCATTACGG-1,6323_R2,0,low_single_type,1,0,0,,,0
6323_R2_CTCAGAACATGACGTT-1,6323_R2,0,low_single_type,1,0,0,,,0
6323_R2_CTCAGAAGTGCCTATA-1,6323_R2,0,low_single_type,1,0,0,,,0
6323_R2_CTCAGGGCAACTAGAA-1,6323_R2,0,low_single_type,1,0,0,,,0
6323_R2_CTCAGGGGTCTCGGGT-1,6323_R2,0,low_single_type,1,0,0,,,0
6323_R2_CTCAGGGGTTAGAAGT-1,6323_R2,0,low_single_type,1,0,0,,,0
6323_R2_CTCAGGGTCACTGTCC-1,6323_R2,0,low_single_type,1,0,0,,,0
6323_R2_CTCAGGGTCGAATCCA-1,6323_R2,0,low_single_type,1,0,0,,,0
6323_R2_CTCAGTCAGATGCAGC-1,6323_R2,0,low_single_type,1,0,0,,,0
6323_R2_CTCAGTCAGTCGGGAT-1,6323_R2,0,low_single_type,1,0,0,,,0
6323_R2_CTCAGTCGTGGCGCTT-1,6323_R2,0,low_single_type,1,0,0,,,0
6323_R2_CTCAGTCGTTCTAACG-1,6323_R2,0,low_single_type,1,0,0,,,0
6323_R2_CTCAGTCTCCGAACGC-1,6323_R2,0,low_single_type,1,0,0,,,0
6323_R2_CTCAGTCTCGGTCACG-1,6323_R2,1,low_single_type,1,1,1,,,1
6323_R2_CTCATCGAGCAGTCTT-1,6323_R2,0,low_single_type,1,0,0,,,0
6323_R2_CTCATCGGTGGACCTC-1,6323_R2,0,low_single_type,1,0,0,,,0
6323_R2_CTCATCGTCGCAATGT-1,6323_R2,0,low_single_type,1,0,0,,,0
6323_R2_CTCATGCAGATAGCAT-1,6323_R2,0,low_single_type,1,0,0,,,0
6323_R2_CTCATGCAGCGTGCTC-1,6323_R2,0,low_single_type,1,0,0,,,0
6323_R2_CTCATGCCAGCGCTTG-1,6323_R2,0,low_single_type,1,0,0,,,0
6323_R2_CTCATGCCAGGTCTCG-1,6323_R2,0,low_single_type,1,0,0,,,0
6323_R2_CTCATGCGTATGGGAC-1,6323_R2,0,low_single_type,1,0,0,,,0
6323_R2_CTCATGCGTCCAGGTC-1,6323_R2,0,low_single_type,1,0,0,,,0
6323_R2_CTCATTAAGCCAAGGT-1,6323_R2,0,low_single_type,1,0,0,,,0
6323_R2_CTCATTAGTCATAACC-1,6323_R2,0,low_single_type,1,0,0,,,0
6323_R2_CTCATTAGTTCCTAGA-1,6323_R2,1,low_single_type,1,1,1,,,1
6323_R2_CTCATTAGTTTGAACC-1,6323_R2,0,low_single_type,1,0,0,,,0
6323_R2_CTCCAACAGATCACCT-1,6323_R2,0,low_single_type,1,0,0,,,0
6323_R2_CTCCAACAGATCCCGC-1,6323_R2,0,low_single_type,1,0,0,,,0
6323_R2_CTCCAACCAAGATTGA-1,6323_R2,0,low_single_type,1,0,0,,,0
6323_R2_CTCCACAAGGTTCTAC-1,6323_R2,0,low_single_type,1,0,0,,,0
6323_R2_CTCCACAAGTCGAAAT-1,6323_R2,0,low_single_type,1,0,0,,,0
6323_R2_CTCCACAAGTGTGTTC-1,6323_R2,0,low_single_type,1,0,0,,,0
6323_R2_CTCCACACAATGCAAA-1,6323_R2,0,low_single_type,1,0,0,,,0
6323_R2_CTCCACACACTAACCA-1,6323_R2,0,low_single_type,1,0,0,,,0
6323_R2_CTCCACAGTCCCACGA-1,6323_R2,0,low_single_type,1,0,0,,,0
6323_R2_CTCCACATCCGTTTCG-1,6323_R2,0,low_single_type,1,0,0,,,0
6323_R2_CTCCACATCGCGCCAA-1,6323_R2,0,low_single_type,1,0,0,,,0
6323_R2_CTCCATGCAAGCTGTT-1,6323_R2,0,low_single_type,1,0,0,,,0
6323_R2_CTCCATGCATTGCTGA-1,6323_R2,0,low_single_type,1,0,0,,,0
6323_R2_CTCCATGGTAGCGCCT-1,6323_R2,0,low_single_type,1,0,0,,,0
6323_R2_CTCCATGGTTATCTGG-1,6323_R2,0,low_single_type,1,0,0,,,0
6323_R2_CTCCATGGTTCCTACC-1,6323_R2,0,low_single_type,1,0,0,,,0
6323_R2_CTCCCAAAGGCCACCT-1,6323_R2,0,low_single_type,1,0,0,,,0
6323_R2_CTCCCAATCTCAACCC-1,6323_R2,0,low_single_type,1,0,0,,,0
6323_R2_CTCCCTCAGCAACCAG-1,6323_R2,0,low_single_type,1,0,0,,,0
6323_R2_CTCCCTCAGGGTTGCA-1,6323_R2,0,low_single_type,1,0,0,,,0
6323_R2_CTCCCTCCATCGGAGA-1,6323_R2,0,low_single_type,1,0,0,,,0
6323_R2_CTCCCTCGTGTTCGAT-1,6323_R2,0,low_single_type,1,0,0,,,0
6323_R2_CTCCCTCTCGGCTGAC-1,6323_R2,0,low_single_type,1,0,0,,,0
6323_R2_CTCCGATGTGCACATT-1,6323_R2,0,low_single_type,1,0,0,,,0
6323_R2_CTCCGATGTGTGTGGA-1,6323_R2,0,low_single_type,1,0,0,,,0
6323_R2_CTCCTCCAGCGTCAGA-1,6323_R2,0,low_single_type,1,0,0,,,0
6323_R2_CTCCTCCAGGATCATA-1,6323_R2,0,low_single_type,1,0,0,,,0
6323_R2_CTCCTCCAGTGCGACA-1,6323_R2,0,low_single_type,1,0,0,,,0
6323_R2_CTCCTCCCAAATACAG-1,6323_R2,0,low_single_type,1,0,0,,,0
6323_R2_CTCCTCCCACATGAAA-1,6323_R2,0,low_single_type,1,0,0,,,0
6323_R2_CTCCTCCCATAGAAAC-1,6323_R2,0,low_single_type,1,0,0,,,0
6323_R2_CTCCTCCGTGAGAGGG-1,6323_R2,0,low_single_type,1,0,0,,,0
6323_R2_CTCCTCCTCGTCTAAG-1,6323_R2,0,low_single_type,1,0,0,,,0
6323_R2_CTCCTTTAGAACGCGT-1,6323_R2,0,low_single_type,1,0,0,,,0
6323_R2_CTCCTTTGTCGAACAG-1,6323_R2,0,low_single_type,1,0,0,,,0
6323_R2_CTCCTTTGTTATAGAG-1,6323_R2,0,low_single_type,1,0,0,,,0
6323_R2_CTCGAGGAGCTAAATG-1,6323_R2,0,low_single_type,1,0,0,,,0
6323_R2_CTCGAGGGTCAGGCAA-1,6323_R2,0,low_single_type,1,0,0,,,0
6323_R2_CTCGAGGTCCATCTAT-1,6323_R2,0,low_single_type,1,0,0,,,0
6323_R2_CTCGAGGTCCTCCACA-1,6323_R2,0,low_single_type,1,0,0,,,0
6323_R2_CTCGAGGTCTTTGATC-1,6323_R2,0,low_single_type,1,0,0,,,0
6323_R2_CTCTCAGGTAACATCC-1,6323_R2,0,low_single_type,1,0,0,,,0
6323_R2_CTCTCAGTCCGCTGTT-1,6323_R2,0,low_single_type,1,0,0,,,0
6323_R2_CTCTCAGTCTAGTTCT-1,6323_R2,0,low_single_type,1,0,0,,,0
6323_R2_CTCTCGACAGCTTCGG-1,6323_R2,0,low_single_type,1,0,0,,,0
6323_R2_CTCTCGACATGTCAGT-1,6323_R2,0,low_single_type,1,0,0,,,0
6323_R2_CTCTCGAGTCACTACA-1,6323_R2,0,low_single_type,1,0,0,,,0
6323_R2_CTCTCGATCCGGACTG-1,6323_R2,0,low_single_type,1,0,0,,,0
6323_R2_CTCTGGTAGTACCCTA-1,6323_R2,0,low_single_type,1,0,0,,,0
6323_R2_CTCTGGTGTGTGTTTG-1,6323_R2,1,low_single_type,1,1,1,,,1
6323_R2_CTCTGGTGTTGATGTC-1,6323_R2,0,low_single_type,1,0,0,,,0
6323_R2_CTCTGGTTCCCTAGGG-1,6323_R2,0,low_single_type,1,0,0,,,0
6323_R2_CTCTGGTTCCGCCTAT-1,6323_R2,0,low_single_type,1,0,0,,,0
6323_R2_CTGAATGCAGCTTCCT-1,6323_R2,0,low_single_type,1,0,0,,,0
6323_R2_CTGAGCGAGGATTCAA-1,6323_R2,0,low_single_type,1,0,0,,,0
6323_R2_CTGAGCGAGGGTCACA-1,6323_R2,1,low_single_type,1,1,1,,,1
6323_R2_CTGAGCGCAACCACGC-1,6323_R2,0,low_single_type,1,0,0,,,0
6323_R2_CTGAGCGCAATTGCAC-1,6323_R2,0,low_single_type,1,0,0,,,0
6323_R2_CTGAGCGCAGGCCCTA-1,6323_R2,0,low_single_type,1,0,0,,,0
6323_R2_CTGAGCGCATAGGTAA-1,6323_R2,0,low_single_type,1,0,0,,,0
6323_R2_CTGAGCGTCAGCAATC-1,6323_R2,0,low_single_type,1,0,0,,,0
6323_R2_CTGAGGCGTTTACTTC-1,6323_R2,0,low_single_type,1,0,0,,,0
6323_R2_CTGATCCAGAAATTGC-1,6323_R2,0,low_single_type,1,0,0,,,0
6323_R2_CTGATCCGTGAACCGA-1,6323_R2,0,low_single_type,1,0,0,,,0
6323_R2_CTGATCCGTGGTACAG-1,6323_R2,0,low_single_type,1,0,0,,,0
6323_R2_CTGATCCTCATGAAAG-1,6323_R2,0,low_single_type,1,0,0,,,0
6323_R2_CTGATCCTCTAACACG-1,6323_R2,0,low_single_type,1,0,0,,,0
6323_R2_CTGCAGGAGGCAGGTT-1,6323_R2,0,low_single_type,1,0,0,,,0
6323_R2_CTGCAGGAGGTCCGAA-1,6323_R2,0,low_single_type,1,0,0,,,0
6323_R2_CTGCAGGAGTGCCCGT-1,6323_R2,0,low_single_type,1,0,0,,,0
6323_R2_CTGCAGGAGTTGCATC-1,6323_R2,0,low_single_type,1,0,0,,,0
6323_R2_CTGCAGGCAGGTCCCA-1,6323_R2,0,low_single_type,1,0,0,,,0
6323_R2_CTGCAGGGTATTCCTT-1,6323_R2,0,low_single_type,1,0,0,,,0
6323_R2_CTGCAGGGTTAAAGTG-1,6323_R2,0,low_single_type,1,0,0,,,0
6323_R2_CTGCAGGTCCGCGATG-1,6323_R2,0,low_single_type,1,0,0,,,0
6323_R2_CTGCATCGTATCCTTT-1,6323_R2,0,low_single_type,1,0,0,,,0
6323_R2_CTGCATCTCACCTTGC-1,6323_R2,0,low_single_type,1,0,0,,,0
6323_R2_CTGCATCTCTTCCCAG-1,6323_R2,0,low_single_type,1,0,0,,,0
6323_R2_CTGCCATCATGTGGCC-1,6323_R2,0,low_single_type,1,0,0,,,0
6323_R2_CTGCCATGTAGTCACT-1,6323_R2,0,low_single_type,1,0,0,,,0
6323_R2_CTGCCATGTCGTATTG-1,6323_R2,0,low_single_type,1,0,0,,,0
6323_R2_CTGCCATGTTCGATTG-1,6323_R2,0,low_single_type,1,0,0,,,0
6323_R2_CTGCCATGTTCGGTAT-1,6323_R2,0,low_single_type,1,0,0,,,0
6323_R2_CTGCCATGTTGAGAGC-1,6323_R2,1,low_single_type,1,1,1,,,1
6323_R2_CTGCCTAAGTAAGAGG-1,6323_R2,0,low_single_type,1,0,0,,,0
6323_R2_CTGCCTACAAGCCCAC-1,6323_R2,0,low_single_type,1,0,0,,,0
6323_R2_CTGCCTACACAACGTT-1,6323_R2,0,low_single_type,1,0,0,,,0
6323_R2_CTGCCTACACTGAGGA-1,6323_R2,0,low_single_type,1,0,0,,,0
6323_R2_CTGCCTATCGAACTCA-1,6323_R2,0,low_single_type,1,0,0,,,0
6323_R2_CTGCCTATCGTGGCTG-1,6323_R2,0,low_single_type,1,0,0,,,0
6323_R2_CTGCGAGAGAACTTCC-1,6323_R2,0,low_single_type,1,0,0,,,0
6323_R2_CTGCGAGAGGCATGCA-1,6323_R2,0,low_single_type,1,0,0,,,0
6323_R2_CTGCGAGAGTCTGGAG-1,6323_R2,0,low_single_type,1,0,0,,,0
6323_R2_CTGCGAGCAATGAGCG-1,6323_R2,0,low_single_type,1,0,0,,,0
6323_R2_CTGCGAGCATAACGGG-1,6323_R2,1,low_single_type,1,1,1,,,1
6323_R2_CTGCTCACAAACTAGA-1,6323_R2,0,low_single_type,1,0,0,,,0
6323_R2_CTGCTCAGTCCATCTC-1,6323_R2,0,low_single_type,1,0,0,,,0
6323_R2_CTGCTCATCTCAGAAC-1,6323_R2,0,low_single_type,1,0,0,,,0
6323_R2_CTGGACGAGTATAGGT-1,6323_R2,0,low_single_type,1,0,0,,,0
6323_R2_CTGGACGTCAGTCACA-1,6323_R2,0,low_single_type,1,0,0,,,0
6323_R2_CTGGCAGAGATTCGAA-1,6323_R2,1,low_single_type,1,1,1,,,1
6323_R2_CTGGCAGAGGTAATCA-1,6323_R2,1,low_single_type,1,1,1,,,1
6323_R2_CTGGCAGCAAGATGTA-1,6323_R2,0,low_single_type,1,0,0,,,0
6323_R2_CTGGCAGCACCCAACG-1,6323_R2,0,low_single_type,1,0,0,,,0
6323_R2_CTGGCAGGTAGACGTG-1,6323_R2,0,low_single_type,1,0,0,,,0
6323_R2_CTGGCAGGTATCTCGA-1,6323_R2,0,low_single_type,1,0,0,,,0
6323_R2_CTGGCAGGTGGAGGTT-1,6323_R2,0,low_single_type,1,0,0,,,0
6323_R2_CTGGTCTAGACGCCCT-1,6323_R2,0,low_single_type,1,0,0,,,0
6323_R2_CTGGTCTCATATTCGG-1,6323_R2,0,low_single_type,1,0,0,,,0
6323_R2_CTGGTCTGTCCTACGG-1,6323_R2,0,low_single_type,1,0,0,,,0
6323_R2_CTGGTCTGTGACTGTT-1,6323_R2,0,low_single_type,1,0,0,,,0
6323_R2_CTGGTCTTCCGCGATG-1,6323_R2,0,low_single_type,1,0,0,,,0
6323_R2_CTGTACCAGTCCTACA-1,6323_R2,1,low_single_type,1,1,1,,,1
6323_R2_CTGTACCGTACGAGTG-1,6323_R2,0,low_single_type,1,0,0,,,0
6323_R2_CTGTACCGTCCTACGG-1,6323_R2,0,low_single_type,1,0,0,,,0
6323_R2_CTGTACCTCAAGATAG-1,6323_R2,0,low_single_type,1,0,0,,,0
6323_R2_CTGTACCTCTGTGCGG-1,6323_R2,0,low_single_type,1,0,0,,,0
6323_R2_CTGTAGACACCTAAAC-1,6323_R2,0,low_single_type,1,0,0,,,0
6323_R2_CTGTAGACAGCTACTA-1,6323_R2,0,low_single_type,1,0,0,,,0
6323_R2_CTGTAGAGTCTCGCGA-1,6323_R2,0,low_single_type,1,0,0,,,0
6323_R2_CTGTAGATCACCATCC-1,6323_R2,0,low_single_type,1,0,0,,,0
6323_R2_CTGTATTAGCTAAGTA-1,6323_R2,0,low_single_type,1,0,0,,,0
6323_R2_CTGTATTCAACACGTT-1,6323_R2,0,low_single_type,1,0,0,,,0
6323_R2_CTGTATTCACCAGTAT-1,6323_R2,0,low_single_type,1,0,0,,,0
6323_R2_CTGTATTCACTCTGCT-1,6323_R2,0,low_single_type,1,0,0,,,0
6323_R2_CTGTATTCATTGCTGA-1,6323_R2,0,low_single_type,1,0,0,,,0
6323_R2_CTGTATTGTCTTGGTA-1,6323_R2,0,low_single_type,1,0,0,,,0
6323_R2_CTGTATTTCAGGAAAT-1,6323_R2,0,low_single_type,1,0,0,,,0
6323_R2_CTGTCGTCATAACGGG-1,6323_R2,0,low_single_type,1,0,0,,,0
6323_R2_CTGTCGTGTCTACAGT-1,6323_R2,0,low_single_type,1,0,0,,,0
6323_R2_CTGTCGTGTGTAAATG-1,6323_R2,0,low_single_type,1,0,0,,,0
6323_R2_CTGTCGTTCATGGATC-1,6323_R2,0,low_single_type,1,0,0,,,0
6323_R2_CTGTCGTTCGTCTACC-1,6323_R2,0,low_single_type,1,0,0,,,0
6323_R2_CTGTGAAAGAAGCTCG-1,6323_R2,0,low_single_type,1,0,0,,,0
6323_R2_CTGTGAACACAATGTC-1,6323_R2,0,low_single_type,1,0,0,,,0
6323_R2_CTGTGAACACAGTCAT-1,6323_R2,0,low_single_type,1,0,0,,,0
6323_R2_CTGTGAACACTTACAG-1,6323_R2,0,low_single_type,1,0,0,,,0
6323_R2_CTGTGAACAGGTGTGA-1,6323_R2,0,low_single_type,1,0,0,,,0
6323_R2_CTGTGAAGTGCATGAG-1,6323_R2,0,low_single_type,1,0,0,,,0
6323_R2_CTGTGAATCAAGAGGC-1,6323_R2,0,low_single_type,1,0,0,,,0
6323_R2_CTGTGGGAGGTCTACT-1,6323_R2,0,low_single_type,1,0,0,,,0
6323_R2_CTGTGGGCAGCTCCTT-1,6323_R2,0,low_single_type,1,0,0,,,0
6323_R2_CTGTGGGGTGCGAGTA-1,6323_R2,0,low_single_type,1,0,0,,,0
6323_R2_CTGTGGGGTTCGGTTA-1,6323_R2,0,low_single_type,1,0,0,,,0
6323_R2_CTTACCGGTGACTATC-1,6323_R2,0,low_single_type,1,0,0,,,0
6323_R2_CTTACCGTCATTGAGC-1,6323_R2,0,low_single_type,1,0,0,,,0
6323_R2_CTTACCGTCCCTAGGG-1,6323_R2,0,low_single_type,1,0,0,,,0
6323_R2_CTTAGGAAGAGCATTA-1,6323_R2,0,low_single_type,1,0,0,,,0
6323_R2_CTTAGGAAGGACTAAT-1,6323_R2,0,low_single_type,1,0,0,,,0
6323_R2_CTTAGGACATATGGCT-1,6323_R2,0,low_single_type,1,0,0,,,0
6323_R2_CTTAGGATCAAGTCTG-1,6323_R2,0,low_single_type,1,0,0,,,0
6323_R2_CTTAGGATCGCTGTCT-1,6323_R2,0,low_single_type,1,0,0,,,0
6323_R2_CTTAGGATCTCGTGGG-1,6323_R2,0,low_single_type,1,0,0,,,0
6323_R2_CTTCAATCAGCAGTCC-1,6323_R2,0,low_single_type,1,0,0,,,0
6323_R2_CTTCAATCATAGATCC-1,6323_R2,0,low_single_type,1,0,0,,,0
6323_R2_CTTCAATGTACAAAGT-1,6323_R2,0,low_single_type,1,0,0,,,0
6323_R2_CTTCAATGTCGACGCT-1,6323_R2,0,low_single_type,1,0,0,,,0
6323_R2_CTTCAATTCTGTGCGG-1,6323_R2,0,low_single_type,1,0,0,,,0
6323_R2_CTTCCGAAGCAAGGAA-1,6323_R2,0,low_single_type,1,0,0,,,0
6323_R2_CTTCCTTAGAAGATCT-1,6323_R2,0,low_single_type,1,0,0,,,0
6323_R2_CTTCCTTAGACCATTC-1,6323_R2,0,low_single_type,1,0,0,,,0
6323_R2_CTTCCTTAGCCTGCCA-1,6323_R2,0,low_single_type,1,0,0,,,0
6323_R2_CTTCCTTGTCCACAGC-1,6323_R2,0,low_single_type,1,0,0,,,0
6323_R2_CTTCCTTTCATTGCTT-1,6323_R2,0,low_single_type,1,0,0,,,0
6323_R2_CTTCGGTAGGGCTAAC-1,6323_R2,0,low_single_type,1,0,0,,,0
6323_R2_CTTCGGTAGGTCCAGA-1,6323_R2,0,low_single_type,1,0,0,,,0
6323_R2_CTTCGGTGTCCGGATC-1,6323_R2,0,low_single_type,1,0,0,,,0
6323_R2_CTTCGGTTCTGGTTGA-1,6323_R2,0,low_single_type,1,0,0,,,0
6323_R2_CTTCTAACAAGCCATT-1,6323_R2,0,low_single_type,1,0,0,,,0
6323_R2_CTTCTAACAGGTTCGC-1,6323_R2,0,low_single_type,1,0,0,,,0
6323_R2_CTTCTCTAGAAGTGTT-1,6323_R2,0,low_single_type,1,0,0,,,0
6323_R2_CTTCTCTAGTGATTCC-1,6323_R2,0,low_single_type,1,0,0,,,0
6323_R2_CTTCTCTCACGTCTCT-1,6323_R2,0,low_single_type,1,0,0,,,0
6323_R2_CTTCTCTCATAGATGA-1,6323_R2,0,low_single_type,1,0,0,,,0
6323_R2_CTTCTCTGTCCCTAAA-1,6323_R2,0,low_single_type,1,0,0,,,0
6323_R2_CTTGAGACACTAAACC-1,6323_R2,0,low_single_type,1,0,0,,,0
6323_R2_CTTGAGACATACAGGG-1,6323_R2,0,low_single_type,1,0,0,,,0
6323_R2_CTTGAGAGTGAATTAG-1,6323_R2,0,low_single_type,1,0,0,,,0
6323_R2_CTTGAGAGTTGTGCAT-1,6323_R2,1,low_single_type,1,1,1,,,1
6323_R2_CTTGATTCACGCCAGT-1,6323_R2,0,low_single_type,1,0,0,,,0
6323_R2_CTTGATTCAGGGTCTC-1,6323_R2,1,low_single_type,1,1,1,,,1
6323_R2_CTTGATTTCCGATTAG-1,6323_R2,0,low_single_type,1,0,0,,,0
6323_R2_CTTTCAACACTGAGGA-1,6323_R2,0,low_single_type,1,0,0,,,0
6323_R2_CTTTCAATCCATTTGT-1,6323_R2,0,low_single_type,1,0,0,,,0
6323_R2_CTTTCGGAGTCTCTGA-1,6323_R2,0,low_single_type,1,0,0,,,0
6323_R2_CTTTCGGAGTGTCATC-1,6323_R2,0,low_single_type,1,0,0,,,0
6323_R2_CTTTCGGCAGGAATCG-1,6323_R2,0,low_single_type,1,0,0,,,0
6323_R2_CTTTCGGCATTAGGAA-1,6323_R2,0,low_single_type,1,0,0,,,0
6323_R2_GAAACCTGTCCTGGTG-1,6323_R2,0,low_single_type,1,0,0,,,0
6323_R2_GAAATGAAGAAACCAT-1,6323_R2,0,low_single_type,1,0,0,,,0
6323_R2_GAAATGAAGGGTAATT-1,6323_R2,0,low_single_type,1,0,0,,,0
6323_R2_GAAATGAGTTCAATCG-1,6323_R2,0,low_single_type,1,0,0,,,0
6323_R2_GAAATGATCGAGATAA-1,6323_R2,0,low_single_type,1,0,0,,,0
6323_R2_GAAATGATCGTAACAC-1,6323_R2,0,low_single_type,1,0,0,,,0
6323_R2_GAACGTTAGCCTTGAT-1,6323_R2,0,low_single_type,1,0,0,,,0
6323_R2_GAACGTTCAAGAAATC-1,6323_R2,0,low_single_type,1,0,0,,,0
6323_R2_GAACGTTCAAGGTCAG-1,6323_R2,0,low_single_type,1,0,0,,,0
6323_R2_GAACGTTGTTGGGCCT-1,6323_R2,0,low_single_type,1,0,0,,,0
6323_R2_GAACGTTTCGTGACTA-1,6323_R2,0,low_single_type,1,0,0,,,0
6323_R2_GAACTGTAGAGGTCGT-1,6323_R2,0,low_single_type,1,0,0,,,0
6323_R2_GAACTGTCACTTGAGT-1,6323_R2,0,low_single_type,1,0,0,,,0
6323_R2_GAACTGTGTAATGCGG-1,6323_R2,0,low_single_type,1,0,0,,,0
6323_R2_GAACTGTGTGTGTACT-1,6323_R2,0,low_single_type,1,0,0,,,0
6323_R2_GAAGAATGTGGTCCCA-1,6323_R2,0,low_single_type,1,0,0,,,0
6323_R2_GAAGCCCAGTAGCATA-1,6323_R2,0,low_single_type,1,0,0,,,0
6323_R2_GAAGCCCAGTGAGTTA-1,6323_R2,0,low_single_type,1,0,0,,,0
6323_R2_GAAGCCCCAGTGTGGA-1,6323_R2,0,low_single_type,1,0,0,,,0
6323_R2_GAAGCCCGTACATTGC-1,6323_R2,0,low_single_type,1,0,0,,,0
6323_R2_GAAGCCCGTGGCTTGC-1,6323_R2,0,low_single_type,1,0,0,,,0
6323_R2_GAAGCCCTCAAGTAAG-1,6323_R2,0,low_single_type,1,0,0,,,0
6323_R2_GAAGCCCTCTAGCCTC-1,6323_R2,0,low_single_type,1,0,0,,,0
6323_R2_GAAGCGACACTTGAGT-1,6323_R2,0,low_single_type,1,0,0,,,0
6323_R2_GAAGCGACATGGCTGC-1,6323_R2,0,low_single_type,1,0,0,,,0
6323_R2_GAAGCGATCAAGCCTA-1,6323_R2,0,low_single_type,1,0,0,,,0
6323_R2_GAAGGACAGTTACGGG-1,6323_R2,0,low_single_type,1,0,0,,,0
6323_R2_GAAGGACCAGCATGCC-1,6323_R2,0,low_single_type,1,0,0,,,0
6323_R2_GAAGGACCATAAGATG-1,6323_R2,0,low_single_type,1,0,0,,,0
6323_R2_GAAGGACGTGACCGAA-1,6323_R2,0,low_single_type,1,0,0,,,0
6323_R2_GAAGGGTAGTATGGCG-1,6323_R2,0,low_single_type,1,0,0,,,0
6323_R2_GAAGGGTAGTTTGCTG-1,6323_R2,0,low_single_type,1,0,0,,,0
6323_R2_GAAGGGTCAGAATCGG-1,6323_R2,0,low_single_type,1,0,0,,,0
6323_R2_GAAGGGTGTTGGGATG-1,6323_R2,0,low_single_type,1,0,0,,,0
6323_R2_GAAGTAAGTGGTCCCA-1,6323_R2,0,low_single_type,1,0,0,,,0
6323_R2_GAAGTAAGTTGTAAAG-1,6323_R2,0,low_single_type,1,0,0,,,0
6323_R2_GAAGTAATCACAAGAA-1,6323_R2,0,low_single_type,1,0,0,,,0
6323_R2_GAAGTAATCAGACATC-1,6323_R2,0,low_single_type,1,0,0,,,0
6323_R2_GAAGTAATCATACGGT-1,6323_R2,0,low_single_type,1,0,0,,,0
6323_R2_GAATAGAGTATCGATC-1,6323_R2,0,low_single_type,1,0,0,,,0
6323_R2_GAATAGAGTTCCGGTG-1,6323_R2,0,low_single_type,1,0,0,,,0
6323_R2_GAATAGATCGGACCAC-1,6323_R2,1,low_single_type,1,1,1,,,1
6323_R2_GAATCACAGAAATCCA-1,6323_R2,0,low_single_type,1,0,0,,,0
6323_R2_GAATCACAGGCTTAGG-1,6323_R2,0,low_single_type,1,0,0,,,0
6323_R2_GAATCACGTCTGGTTA-1,6323_R2,0,low_single_type,1,0,0,,,0
6323_R2_GAATCACTCACCGACG-1,6323_R2,0,low_single_type,1,0,0,,,0
6323_R2_GAATCGTCAGAGCTAG-1,6323_R2,0,low_single_type,1,0,0,,,0
6323_R2_GAATCGTGTATCAGCT-1,6323_R2,0,low_single_type,1,0,0,,,0
6323_R2_GAATCGTGTGACTCGC-1,6323_R2,0,low_single_type,1,0,0,,,0
6323_R2_GAATCGTGTGATACAA-1,6323_R2,0,low_single_type,1,0,0,,,0
6323_R2_GAATCGTTCTCCGATC-1,6323_R2,0,low_single_type,1,0,0,,,0
6323_R2_GACACGCAGATACCAA-1,6323_R2,0,low_single_type,1,0,0,,,0
6323_R2_GACACGCTCATAGACC-1,6323_R2,0,low_single_type,1,0,0,,,0
6323_R2_GACACGCTCTTCTGGC-1,6323_R2,0,low_single_type,1,0,0,,,0
6323_R2_GACAGCCAGGGCCTCT-1,6323_R2,0,low_single_type,1,0,0,,,0
6323_R2_GACATCAAGACGCCCT-1,6323_R2,0,low_single_type,1,0,0,,,0
6323_R2_GACATCAAGGTACATA-1,6323_R2,0,low_single_type,1,0,0,,,0
6323_R2_GACATCAGTCAACGCC-1,6323_R2,0,low_single_type,1,0,0,,,0
6323_R2_GACATCATCGATAACC-1,6323_R2,0,low_single_type,1,0,0,,,0
6323_R2_GACATCATCTTTCTAG-1,6323_R2,0,low_single_type,1,0,0,,,0
6323_R2_GACCAATCACGACAGA-1,6323_R2,0,low_single_type,1,0,0,,,0
6323_R2_GACCAATGTATCCCAA-1,6323_R2,0,low_single_type,1,0,0,,,0
6323_R2_GACCAATGTTAACAGA-1,6323_R2,0,low_single_type,1,0,0,,,0
6323_R2_GACCAATTCACCCTCA-1,6323_R2,0,low_single_type,1,0,0,,,0
6323_R2_GACCCAGCATCCAATG-1,6323_R2,0,low_single_type,1,0,0,,,0
6323_R2_GACCCAGGTATGAAGT-1,6323_R2,0,low_single_type,1,0,0,,,0
6323_R2_GACCCAGTCGCCTAGG-1,6323_R2,0,low_single_type,1,0,0,,,0
6323_R2_GACCCAGTCGCTGCGA-1,6323_R2,0,low_single_type,1,0,0,,,0
6323_R2_GACCCAGTCTCCTGAC-1,6323_R2,0,low_single_type,1,0,0,,,0
6323_R2_GACCCTTAGGCTTCCG-1,6323_R2,0,low_single_type,1,0,0,,,0
6323_R2_GACCCTTGTCCTACGG-1,6323_R2,0,low_single_type,1,0,0,,,0
6323_R2_GACCCTTGTTACACAC-1,6323_R2,0,low_single_type,1,0,0,,,0
6323_R2_GACCCTTTCACTACTT-1,6323_R2,0,low_single_type,1,0,0,,,0
6323_R2_GACCCTTTCAGAGTTC-1,6323_R2,0,low_single_type,1,0,0,,,0
6323_R2_GACCGTGAGGATCACG-1,6323_R2,0,low_single_type,1,0,0,,,0
6323_R2_GACCGTGGTACGTTCA-1,6323_R2,0,low_single_type,1,0,0,,,0
6323_R2_GACCTTCAGGTAATCA-1,6323_R2,1,low_single_type,1,1,1,,,1
6323_R2_GACCTTCAGTATAGAC-1,6323_R2,0,low_single_type,1,0,0,,,0
6323_R2_GACCTTCCAAGGAGTC-1,6323_R2,0,low_single_type,1,0,0,,,0
6323_R2_GACCTTCCATCCGAGC-1,6323_R2,0,low_single_type,1,0,0,,,0
6323_R2_GACCTTCCATCTAACG-1,6323_R2,0,low_single_type,1,0,0,,,0
6323_R2_GACCTTCTCTAGCCTC-1,6323_R2,0,low_single_type,1,0,0,,,0
6323_R2_GACGCTGGTAGAGACC-1,6323_R2,0,low_single_type,1,0,0,,,0
6323_R2_GACGCTGGTATACCTG-1,6323_R2,0,low_single_type,1,0,0,,,0
6323_R2_GACGCTGGTCATAAAG-1,6323_R2,0,low_single_type,1,0,0,,,0
6323_R2_GACGCTGGTCGAGTTT-1,6323_R2,0,low_single_type,1,0,0,,,0
6323_R2_GACGCTGGTTTAAGGA-1,6323_R2,0,low_single_type,1,0,0,,,0
6323_R2_GACGCTGTCATCTATC-1,6323_R2,1,low_single_type,1,1,1,,,1
6323_R2_GACGCTGTCCTCACGT-1,6323_R2,0,low_single_type,1,0,0,,,0
6323_R2_GACGCTGTCGCTAAAC-1,6323_R2,0,low_single_type,1,0,0,,,0
6323_R2_GACGTTAAGGGTTAGC-1,6323_R2,0,low_single_type,1,0,0,,,0
6323_R2_GACGTTAAGTATGGCG-1,6323_R2,0,low_single_type,1,0,0,,,0
6323_R2_GACGTTACAGCTGAGA-1,6323_R2,0,low_single_type,1,0,0,,,0
6323_R2_GACGTTATCGGTTGTA-1,6323_R2,0,low_single_type,1,0,0,,,0
6323_R2_GACTATGCACCTGTCT-1,6323_R2,0,low_single_type,1,0,0,,,0
6323_R2_GACTATGCAGAAATTG-1,6323_R2,0,low_single_type,1,0,0,,,0
6323_R2_GACTATGCAGGCTATT-1,6323_R2,0,low_single_type,1,0,0,,,0
6323_R2_GACTATGTCACTTGTT-1,6323_R2,0,low_single_type,1,0,0,,,0
6323_R2_GACTATGTCTAGCCAA-1,6323_R2,0,low_single_type,1,0,0,,,0
6323_R2_GACTCAAAGGAACGCT-1,6323_R2,0,low_single_type,1,0,0,,,0
6323_R2_GACTCAATCGACCACG-1,6323_R2,0,low_single_type,1,0,0,,,0
6323_R2_GACTCTCGTTCGGACC-1,6323_R2,0,low_single_type,1,0,0,,,0
6323_R2_GACTCTCTCCCGAGTG-1,6323_R2,0,low_single_type,1,0,0,,,0
6323_R2_GACTCTCTCGGTGAAG-1,6323_R2,0,low_single_type,1,0,0,,,0
6323_R2_GACTGATGTGGGCTTC-1,6323_R2,0,low_single_type,1,0,0,,,0
6323_R2_GACTGATGTTTATGCG-1,6323_R2,0,low_single_type,1,0,0,,,0
6323_R2_GACTTCCAGTCATACC-1,6323_R2,0,low_single_type,1,0,0,,,0
6323_R2_GACTTCCAGTGTTGTC-1,6323_R2,0,low_single_type,1,0,0,,,0
6323_R2_GACTTCCCAGCCGTCA-1,6323_R2,0,low_single_type,1,0,0,,,0
6323_R2_GACTTCCGTGGTGATG-1,6323_R2,0,low_single_type,1,0,0,,,0
6323_R2_GACTTCCTCACTTGTT-1,6323_R2,0,low_single_type,1,0,0,,,0
6323_R2_GACTTCCTCCACGTCT-1,6323_R2,0,low_single_type,1,0,0,,,0
6323_R2_GAGAAATAGATTCGAA-1,6323_R2,0,low_single_type,1,0,0,,,0
6323_R2_GAGAAATAGGTACTGG-1,6323_R2,0,low_single_type,1,0,0,,,0
6323_R2_GAGAAATCATAATCCG-1,6323_R2,0,low_single_type,1,0,0,,,0
6323_R2_GAGAAATGTCAGCGTC-1,6323_R2,0,low_single_type,1,0,0,,,0
6323_R2_GAGAAATTCGCACTCT-1,6323_R2,0,low_single_type,1,0,0,,,0
6323_R2_GAGAAATTCTTCGACC-1,6323_R2,0,low_single_type,1,0,0,,,0
6323_R2_GAGACCCAGAAACCAT-1,6323_R2,0,low_single_type,1,0,0,,,0
6323_R2_GAGACCCAGATTTGCC-1,6323_R2,0,low_single_type,1,0,0,,,0
6323_R2_GAGACCCAGCTGTGCC-1,6323_R2,0,low_single_type,1,0,0,,,0
6323_R2_GAGACTTAGTGCAAAT-1,6323_R2,0,low_single_type,1,0,0,,,0
6323_R2_GAGACTTCATAGGAGC-1,6323_R2,0,low_single_type,1,0,0,,,0
6323_R2_GAGACTTGTAGTCTGT-1,6323_R2,0,low_single_type,1,0,0,,,0
6323_R2_GAGACTTGTTGCTCAA-1,6323_R2,0,low_single_type,1,0,0,,,0
6323_R2_GAGAGGTAGCATAGGC-1,6323_R2,0,low_single_type,1,0,0,,,0
6323_R2_GAGAGGTAGTGCACTT-1,6323_R2,0,low_single_type,1,0,0,,,0
6323_R2_GAGAGGTGTTCTCCCA-1,6323_R2,0,low_single_type,1,0,0,,,0
6323_R2_GAGAGGTGTTTGTGGT-1,6323_R2,0,low_single_type,1,0,0,,,0
6323_R2_GAGATGGGTACCCGAC-1,6323_R2,0,low_single_type,1,0,0,,,0
6323_R2_GAGATGGTCTGGTCAA-1,6323_R2,0,low_single_type,1,0,0,,,0
6323_R2_GAGCCTGAGGTAGACC-1,6323_R2,0,low_single_type,1,0,0,,,0
6323_R2_GAGCCTGCAATAGTAG-1,6323_R2,0,low_single_type,1,0,0,,,0
6323_R2_GAGCCTGCACAAATAG-1,6323_R2,0,low_single_type,1,0,0,,,0
6323_R2_GAGCCTGGTAGTATAG-1,6323_R2,0,low_single_type,1,0,0,,,0
6323_R2_GAGCCTGGTTGATGTC-1,6323_R2,0,low_single_type,1,0,0,,,0
6323_R2_GAGCCTGTCGACGACC-1,6323_R2,0,low_single_type,1,0,0,,,0
6323_R2_GAGCCTGTCTAGGCAT-1,6323_R2,0,low_single_type,1,0,0,,,0
6323_R2_GAGCTGCCAAAGACTA-1,6323_R2,0,low_single_type,1,0,0,,,0
6323_R2_GAGCTGCTCCGCGATG-1,6323_R2,0,low_single_type,1,0,0,,,0
6323_R2_GAGGCAACATGTCAGT-1,6323_R2,0,low_single_type,1,0,0,,,0
6323_R2_GAGGCAAGTATCATGC-1,6323_R2,0,low_single_type,1,0,0,,,0
6323_R2_GAGGCCTAGCATGTTC-1,6323_R2,0,low_single_type,1,0,0,,,0
6323_R2_GAGGCCTCACGCGCTA-1,6323_R2,0,low_single_type,1,0,0,,,0
6323_R2_GAGGGATAGGATTACA-1,6323_R2,0,low_single_type,1,0,0,,,0
6323_R2_GAGGGATAGGCCATAG-1,6323_R2,0,low_single_type,1,0,0,,,0
6323_R2_GAGGGATGTCGCCACA-1,6323_R2,0,low_single_type,1,0,0,,,0
6323_R2_GAGGGATTCACACCCT-1,6323_R2,0,low_single_type,1,0,0,,,0
6323_R2_GAGGGTAAGCGTTGTT-1,6323_R2,0,low_single_type,1,0,0,,,0
6323_R2_GAGGGTAGTAAGGTCG-1,6323_R2,0,low_single_type,1,0,0,,,0
6323_R2_GAGGGTAGTGAGATAT-1,6323_R2,0,low_single_type,1,0,0,,,0
6323_R2_GAGGGTATCTCCTGCA-1,6323_R2,0,low_single_type,1,0,0,,,0
6323_R2_GAGTCATGTGCGTGCT-1,6323_R2,0,low_single_type,1,0,0,,,0
6323_R2_GAGTCATTCCCGAATA-1,6323_R2,0,low_single_type,1,0,0,,,0
6323_R2_GAGTCTAAGCCTCACG-1,6323_R2,0,low_single_type,1,0,0,,,0
6323_R2_GAGTCTACAATACCTG-1,6323_R2,1,low_single_type,1,1,1,,,1
6323_R2_GAGTCTAGTTAACAGA-1,6323_R2,0,low_single_type,1,0,0,,,0
6323_R2_GAGTGAGAGCGACTAG-1,6323_R2,0,low_single_type,1,0,0,,,0
6323_R2_GAGTGAGAGGGCAACT-1,6323_R2,0,low_single_type,1,0,0,,,0
6323_R2_GAGTGAGGTGCTCTCT-1,6323_R2,0,low_single_type,1,0,0,,,0
6323_R2_GAGTGAGTCATAGGCT-1,6323_R2,0,low_single_type,1,0,0,,,0
6323_R2_GAGTGTTAGGATACAT-1,6323_R2,0,low_single_type,1,0,0,,,0
6323_R2_GAGTGTTGTCCTATAG-1,6323_R2,0,low_single_type,1,0,0,,,0
6323_R2_GAGTGTTGTCGTCAGC-1,6323_R2,0,low_single_type,1,0,0,,,0
6323_R2_GAGTGTTGTTCTCGTC-1,6323_R2,0,low_single_type,1,0,0,,,0
6323_R2_GAGTGTTTCATGAGGG-1,6323_R2,0,low_single_type,1,0,0,,,0
6323_R2_GAGTGTTTCTGCGGAC-1,6323_R2,0,low_single_type,1,0,0,,,0
6323_R2_GAGTTACCAATTCACG-1,6323_R2,0,low_single_type,1,0,0,,,0
6323_R2_GAGTTACCAGGATCTT-1,6323_R2,1,low_single_type,1,1,1,,,1
6323_R2_GAGTTACGTCGTTCAA-1,6323_R2,0,low_single_type,1,0,0,,,0
6323_R2_GAGTTACTCATTTGCT-1,6323_R2,0,low_single_type,1,0,0,,,0
6323_R2_GAGTTGTAGGAAGAAC-1,6323_R2,0,low_single_type,1,0,0,,,0
6323_R2_GAGTTGTCATCTGCGG-1,6323_R2,1,low_single_type,1,1,1,,,1
6323_R2_GAGTTGTTCAACCCGG-1,6323_R2,1,low_single_type,1,1,1,,,1
6323_R2_GAGTTGTTCCGATAGT-1,6323_R2,0,low_single_type,1,0,0,,,0
6323_R2_GAGTTGTTCGCCGAAC-1,6323_R2,0,low_single_type,1,0,0,,,0
6323_R2_GAGTTGTTCTTCCAGC-1,6323_R2,0,low_single_type,1,0,0,,,0
6323_R2_GAGTTTGCACGTCTCT-1,6323_R2,0,low_single_type,1,0,0,,,0
6323_R2_GATAGAACAGTTGGTT-1,6323_R2,0,low_single_type,1,0,0,,,0
6323_R2_GATAGAAGTTGCCTAA-1,6323_R2,0,low_single_type,1,0,0,,,0
6323_R2_GATAGCTAGCTCGACC-1,6323_R2,0,low_single_type,1,0,0,,,0
6323_R2_GATAGCTAGGGTATAT-1,6323_R2,0,low_single_type,1,0,0,,,0
6323_R2_GATAGCTCAGAATGTA-1,6323_R2,0,low_single_type,1,0,0,,,0
6323_R2_GATCACAAGCCGATTT-1,6323_R2,0,low_single_type,1,0,0,,,0
6323_R2_GATCACAGTTTACACG-1,6323_R2,0,low_single_type,1,0,0,,,0
6323_R2_GATCACATCCGTTGGG-1,6323_R2,0,low_single_type,1,0,0,,,0
6323_R2_GATCAGTCAGCTGAGA-1,6323_R2,0,low_single_type,1,0,0,,,0
6323_R2_GATCAGTGTGACCGAA-1,6323_R2,0,low_single_type,1,0,0,,,0
6323_R2_GATCAGTTCCGTGCGA-1,6323_R2,0,low_single_type,1,0,0,,,0
6323_R2_GATCATGAGCTGGCCT-1,6323_R2,0,low_single_type,1,0,0,,,0
6323_R2_GATCATGAGTCTAGAA-1,6323_R2,0,low_single_type,1,0,0,,,0
6323_R2_GATCATGCACAACGTT-1,6323_R2,0,low_single_type,1,0,0,,,0
6323_R2_GATCATGCAGAATTCC-1,6323_R2,0,low_single_type,1,0,0,,,0
6323_R2_GATCCCTAGACATCAA-1,6323_R2,0,low_single_type,1,0,0,,,0
6323_R2_GATCCCTAGAGTTGTA-1,6323_R2,0,low_single_type,1,0,0,,,0
6323_R2_GATCCCTCAATTTCTC-1,6323_R2,0,low_single_type,1,0,0,,,0
6323_R2_GATCCCTCATGAAGCG-1,6323_R2,0,low_single_type,1,0,0,,,0
6323_R2_GATCCCTTCTATCACT-1,6323_R2,0,low_single_type,1,0,0,,,0
6323_R2_GATCGTAAGAGCATAT-1,6323_R2,0,low_single_type,1,0,0,,,0
6323_R2_GATCGTATCAAAGACA-1,6323_R2,0,low_single_type,1,0,0,,,0
6323_R2_GATCGTATCCGGCAAC-1,6323_R2,0,low_single_type,1,0,0,,,0
6323_R2_GATCGTATCGTTACCC-1,6323_R2,0,low_single_type,1,0,0,,,0
6323_R2_GATGACTGTTGGATCT-1,6323_R2,0,low_single_type,1,0,0,,,0
6323_R2_GATGACTGTTTGGAGG-1,6323_R2,0,low_single_type,1,0,0,,,0
6323_R2_GATGAGGAGTGGATAT-1,6323_R2,0,low_single_type,1,0,0,,,0
6323_R2_GATGAGGGTCGATTCA-1,6323_R2,0,low_single_type,1,0,0,,,0
6323_R2_GATGAGGGTGGATACG-1,6323_R2,0,low_single_type,1,0,0,,,0
6323_R2_GATGATCAGGTTTACC-1,6323_R2,0,low_single_type,1,0,0,,,0
6323_R2_GATGATCCACTCAAGT-1,6323_R2,0,low_single_type,1,0,0,,,0
6323_R2_GATGATCGTCCACTCT-1,6323_R2,0,low_single_type,1,0,0,,,0
6323_R2_GATGATCGTCCATCTC-1,6323_R2,0,low_single_type,1,0,0,,,0
6323_R2_GATGATCGTGAGAGGG-1,6323_R2,0,low_single_type,1,0,0,,,0
6323_R2_GATGATCGTTAGAGAT-1,6323_R2,0,low_single_type,1,0,0,,,0
6323_R2_GATGATCTCCGCTGTT-1,6323_R2,0,low_single_type,1,0,0,,,0
6323_R2_GATGCTAGTTTCGTGA-1,6323_R2,0,low_single_type,1,0,0,,,0
6323_R2_GATGCTATCGTGCAGC-1,6323_R2,0,low_single_type,1,0,0,,,0
6323_R2_GATGGAGAGTGATAGT-1,6323_R2,0,low_single_type,1,0,0,,,0
6323_R2_GATGGAGAGTTTAGGA-1,6323_R2,0,low_single_type,1,0,0,,,0
6323_R2_GATGGAGCACTGTGAT-1,6323_R2,0,low_single_type,1,0,0,,,0
6323_R2_GATGGAGCAGTATTCG-1,6323_R2,0,low_single_type,1,0,0,,,0
6323_R2_GATGGAGGTCGCCACA-1,6323_R2,0,low_single_type,1,0,0,,,0
6323_R2_GATGGAGGTGCCTATA-1,6323_R2,0,low_single_type,1,0,0,,,0
6323_R2_GATGTTGAGGTGATCG-1,6323_R2,0,low_single_type,1,0,0,,,0
6323_R2_GATGTTGGTCGATGCC-1,6323_R2,0,low_single_type,1,0,0,,,0
6323_R2_GATTCGACAAGATGTA-1,6323_R2,0,low_single_type,1,0,0,,,0
6323_R2_GATTCGACACCTGCTT-1,6323_R2,0,low_single_type,1,0,0,,,0
6323_R2_GATTCTTAGGACATCG-1,6323_R2,0,low_single_type,1,0,0,,,0
6323_R2_GATTCTTGTAACATGA-1,6323_R2,0,low_single_type,1,0,0,,,0
6323_R2_GATTCTTGTTCGGTTA-1,6323_R2,0,low_single_type,1,0,0,,,0
6323_R2_GATTCTTTCGTCGCTT-1,6323_R2,0,low_single_type,1,0,0,,,0
6323_R2_GATTGGTCAATCGCGC-1,6323_R2,0,low_single_type,1,0,0,,,0
6323_R2_GATTGGTCATCAGCAT-1,6323_R2,1,low_single_type,1,1,1,,,1
6323_R2_GATTGGTCATGCAGGA-1,6323_R2,0,low_single_type,1,0,0,,,0
6323_R2_GATTGGTGTTTCACTT-1,6323_R2,0,low_single_type,1,0,0,,,0
6323_R2_GATTGGTTCGAGATGG-1,6323_R2,0,low_single_type,1,0,0,,,0
6323_R2_GATTTCTAGTTCTCTT-1,6323_R2,0,low_single_type,1,0,0,,,0
6323_R2_GATTTCTCAACGTTAC-1,6323_R2,0,low_single_type,1,0,0,,,0
6323_R2_GATTTCTCACCCTGTT-1,6323_R2,0,low_single_type,1,0,0,,,0
6323_R2_GCAACATAGCGTTACT-1,6323_R2,0,low_single_type,1,0,0,,,0
6323_R2_GCAACATAGTTGTACC-1,6323_R2,0,low_single_type,1,0,0,,,0
6323_R2_GCAACATCAACTAGAA-1,6323_R2,0,low_single_type,1,0,0,,,0
6323_R2_GCAACATGTCAGGCAA-1,6323_R2,0,low_single_type,1,0,0,,,0
6323_R2_GCAACATGTTGCTCCT-1,6323_R2,0,low_single_type,1,0,0,,,0
6323_R2_GCAACATTCTGTCGCT-1,6323_R2,0,low_single_type,1,0,0,,,0
6323_R2_GCAACCGAGATACATG-1,6323_R2,1,low_single_type,1,1,1,,,1
6323_R2_GCAACCGCAATCGCAT-1,6323_R2,0,low_single_type,1,0,0,,,0
6323_R2_GCAACCGGTGGTAACG-1,6323_R2,0,low_single_type,1,0,0,,,0
6323_R2_GCAACCGTCACCGCTT-1,6323_R2,0,low_single_type,1,0,0,,,0
6323_R2_GCAACCGTCGTAACAC-1,6323_R2,0,low_single_type,1,0,0,,,0
6323_R2_GCAACCGTCGTTAGTG-1,6323_R2,0,low_single_type,1,0,0,,,0
6323_R2_GCACATACACCGTACG-1,6323_R2,0,low_single_type,1,0,0,,,0
6323_R2_GCACATACATGGAGAC-1,6323_R2,0,low_single_type,1,0,0,,,0
6323_R2_GCACATAGTCAAACGG-1,6323_R2,0,low_single_type,1,0,0,,,0
6323_R2_GCACATAGTCATCCGG-1,6323_R2,0,low_single_type,1,0,0,,,0
6323_R2_GCACATAGTGAATTAG-1,6323_R2,0,low_single_type,1,0,0,,,0
6323_R2_GCACATATCCGCTTAC-1,6323_R2,0,low_single_type,1,0,0,,,0
6323_R2_GCACGGTAGTGAATAC-1,6323_R2,0,low_single_type,1,0,0,,,0
6323_R2_GCACGGTGTAGCTGTT-1,6323_R2,0,low_single_type,1,0,0,,,0
6323_R2_GCACGTGAGAGAGCAA-1,6323_R2,0,low_single_type,1,0,0,,,0
6323_R2_GCACGTGAGTCCGTCG-1,6323_R2,0,low_single_type,1,0,0,,,0
6323_R2_GCACGTGAGTCCTGTA-1,6323_R2,0,low_single_type,1,0,0,,,0
6323_R2_GCACGTGCAATTCACG-1,6323_R2,0,low_single_type,1,0,0,,,0
6323_R2_GCACGTGCACATTACG-1,6323_R2,0,low_single_type,1,0,0,,,0
6323_R2_GCACTAAGTAACGATA-1,6323_R2,0,low_single_type,1,0,0,,,0
6323_R2_GCACTAAGTAGCACAG-1,6323_R2,0,low_single_type,1,0,0,,,0
6323_R2_GCACTAATCACTTGTT-1,6323_R2,0,low_single_type,1,0,0,,,0
6323_R2_GCAGCCAAGAGGACTC-1,6323_R2,0,low_single_type,1,0,0,,,0
6323_R2_GCAGCCACAGCGGTTC-1,6323_R2,0,low_single_type,1,0,0,,,0
6323_R2_GCAGCCATCAACACCA-1,6323_R2,0,low_single_type,1,0,0,,,0
6323_R2_GCAGCTGAGTCAACAA-1,6323_R2,0,low_single_type,1,0,0,,,0
6323_R2_GCAGCTGCACTCCCTA-1,6323_R2,0,low_single_type,1,0,0,,,0
6323_R2_GCAGCTGCATGTTTGG-1,6323_R2,0,low_single_type,1,0,0,,,0
6323_R2_GCAGCTGTCGCTACGG-1,6323_R2,0,low_single_type,1,0,0,,,0
6323_R2_GCAGCTGTCTGAGCAT-1,6323_R2,0,low_single_type,1,0,0,,,0
6323_R2_GCAGGCTAGAAACTCA-1,6323_R2,0,low_single_type,1,0,0,,,0
6323_R2_GCAGGCTAGCAAATGT-1,6323_R2,0,low_single_type,1,0,0,,,0
6323_R2_GCAGGCTGTATGACAA-1,6323_R2,0,low_single_type,1,0,0,,,0
6323_R2_GCAGGCTGTCTTACAG-1,6323_R2,0,low_single_type,1,0,0,,,0
6323_R2_GCAGGCTTCTCAGAAC-1,6323_R2,0,low_single_type,1,0,0,,,0
6323_R2_GCAGGCTTCTCAGTCC-1,6323_R2,0,low_single_type,1,0,0,,,0
6323_R2_GCAGTTAGTAGCTCGC-1,6323_R2,0,low_single_type,1,0,0,,,0
6323_R2_GCAGTTATCTCTTCAA-1,6323_R2,0,low_single_type,1,0,0,,,0
6323_R2_GCATCGGAGACTACGG-1,6323_R2,0,low_single_type,1,0,0,,,0
6323_R2_GCATCGGCACCCGTAG-1,6323_R2,0,low_single_type,1,0,0,,,0
6323_R2_GCATCTCCAGGGACTA-1,6323_R2,0,low_single_type,1,0,0,,,0
6323_R2_GCATCTCGTAAGCGGT-1,6323_R2,0,low_single_type,1,0,0,,,0
6323_R2_GCATCTCGTGACACGA-1,6323_R2,0,low_single_type,1,0,0,,,0
6323_R2_GCATGATCACGCGTGT-1,6323_R2,0,low_single_type,1,0,0,,,0
6323_R2_GCATGATGTCGTTGCG-1,6323_R2,0,low_single_type,1,0,0,,,0
6323_R2_GCATTAGAGCAATTAG-1,6323_R2,0,low_single_type,1,0,0,,,0
6323_R2_GCATTAGAGTCACTAC-1,6323_R2,0,low_single_type,1,0,0,,,0
6323_R2_GCATTAGGTAGGCTCC-1,6323_R2,0,low_single_type,1,0,0,,,0
6323_R2_GCATTAGGTCAGGTGA-1,6323_R2,0,low_single_type,1,0,0,,,0
6323_R2_GCATTAGTCCTGCCAT-1,6323_R2,0,low_single_type,1,0,0,,,0
6323_R2_GCATTAGTCTCATTGT-1,6323_R2,0,low_single_type,1,0,0,,,0
6323_R2_GCATTAGTCTTGGTCC-1,6323_R2,0,low_single_type,1,0,0,,,0
6323_R2_GCCAACGCAGCTCGGT-1,6323_R2,0,low_single_type,1,0,0,,,0
6323_R2_GCCAGCAAGGCTGTAG-1,6323_R2,0,low_single_type,1,0,0,,,0
6323_R2_GCCAGCAAGTTGGCTT-1,6323_R2,0,low_single_type,1,0,0,,,0
6323_R2_GCCAGCACAGAGGTAC-1,6323_R2,1,low_single_type,1,1,1,,,1
6323_R2_GCCAGCAGTAAGCTCT-1,6323_R2,0,low_single_type,1,0,0,,,0
6323_R2_GCCAGCAGTTTGGCTA-1,6323_R2,0,low_single_type,1,0,0,,,0
6323_R2_GCCAGCATCAATCTCT-1,6323_R2,0,low_single_type,1,0,0,,,0
6323_R2_GCCAGCATCCTCTCTT-1,6323_R2,0,low_single_type,1,0,0,,,0
6323_R2_GCCAGCATCTGCCTGT-1,6323_R2,0,low_single_type,1,0,0,,,0
6323_R2_GCCAGGTCAGAGTCAG-1,6323_R2,0,low_single_type,1,0,0,,,0
6323_R2_GCCAGTGAGCCATATC-1,6323_R2,0,low_single_type,1,0,0,,,0
6323_R2_GCCAGTGAGCCTCATA-1,6323_R2,0,low_single_type,1,0,0,,,0
6323_R2_GCCAGTGAGTCCCTAA-1,6323_R2,0,low_single_type,1,0,0,,,0
6323_R2_GCCAGTGCACGAGAAC-1,6323_R2,0,low_single_type,1,0,0,,,0
6323_R2_GCCAGTGCACGCACCA-1,6323_R2,0,low_single_type,1,0,0,,,0
6323_R2_GCCAGTGGTATTTCCT-1,6323_R2,0,low_single_type,1,0,0,,,0
6323_R2_GCCAGTGGTGACTATC-1,6323_R2,0,low_single_type,1,0,0,,,0
6323_R2_GCCAGTGTCATAGCAC-1,6323_R2,0,low_single_type,1,0,0,,,0
6323_R2_GCCAGTGTCGGTATGT-1,6323_R2,0,low_single_type,1,0,0,,,0
6323_R2_GCCATGGAGTCGGCAA-1,6323_R2,0,low_single_type,1,0,0,,,0
6323_R2_GCCATGGCAGGAATCG-1,6323_R2,0,low_single_type,1,0,0,,,0
6323_R2_GCCATGGGTTTGGGAG-1,6323_R2,0,low_single_type,1,0,0,,,0
6323_R2_GCCATTCAGGTCGCCT-1,6323_R2,0,low_single_type,1,0,0,,,0
6323_R2_GCCATTCTCTTTGCTA-1,6323_R2,0,low_single_type,1,0,0,,,0
6323_R2_GCCCAGAAGCACGATG-1,6323_R2,0,low_single_type,1,0,0,,,0
6323_R2_GCCCAGAAGTTATGGA-1,6323_R2,1,low_single_type,1,1,1,,,1
6323_R2_GCCCAGACACAACGCC-1,6323_R2,1,low_single_type,1,1,1,,,1
6323_R2_GCCCAGACACAAGCCC-1,6323_R2,0,low_single_type,1,0,0,,,0
6323_R2_GCCCAGAGTAGAGACC-1,6323_R2,0,low_single_type,1,0,0,,,0
6323_R2_GCCCGAAAGATGAATC-1,6323_R2,0,low_single_type,1,0,0,,,0
6323_R2_GCCCGAAAGTCGCGAA-1,6323_R2,0,low_single_type,1,0,0,,,0
6323_R2_GCCCGAACAGATAAAC-1,6323_R2,0,low_single_type,1,0,0,,,0
6323_R2_GCCGATGCACTGTCGG-1,6323_R2,0,low_single_type,1,0,0,,,0
6323_R2_GCCGATGCAGTTCTAG-1,6323_R2,0,low_single_type,1,0,0,,,0
6323_R2_GCCGATGTCACTCTTA-1,6323_R2,0,low_single_type,1,0,0,,,0
6323_R2_GCCGATGTCGGAGATG-1,6323_R2,0,low_single_type,1,0,0,,,0
6323_R2_GCCGTGAAGCTGGCTC-1,6323_R2,0,low_single_type,1,0,0,,,0
6323_R2_GCCGTGAGTTGGATCT-1,6323_R2,0,low_single_type,1,0,0,,,0
6323_R2_GCCTGTTGTGAGATTA-1,6323_R2,0,low_single_type,1,0,0,,,0
6323_R2_GCGAGAAAGGTGCTGA-1,6323_R2,0,low_single_type,1,0,0,,,0
6323_R2_GCGAGAATCTGCTTTA-1,6323_R2,0,low_single_type,1,0,0,,,0
6323_R2_GCGATCGAGTTCATCG-1,6323_R2,1,low_single_type,1,1,1,,,1
6323_R2_GCGATCGCACCTGCGA-1,6323_R2,0,low_single_type,1,0,0,,,0
6323_R2_GCGATCGGTTTAGTCG-1,6323_R2,0,low_single_type,1,0,0,,,0
6323_R2_GCGGAAAGTACTCAAC-1,6323_R2,0,low_single_type,1,0,0,,,0
6323_R2_GCGGAAAGTCTAGGCC-1,6323_R2,0,low_single_type,1,0,0,,,0
6323_R2_GCGGAAATCAGTGATC-1,6323_R2,0,low_single_type,1,0,0,,,0
6323_R2_GCGGATCCATACCACA-1,6323_R2,0,low_single_type,1,0,0,,,0
6323_R2_GCGGATCGTAGGAGGG-1,6323_R2,0,low_single_type,1,0,0,,,0
6323_R2_GCGGATCGTGCAACAG-1,6323_R2,0,low_single_type,1,0,0,,,0
6323_R2_GCGGATCGTGTGGACA-1,6323_R2,0,low_single_type,1,0,0,,,0
6323_R2_GCGTGCAAGGTTCCGC-1,6323_R2,0,low_single_type,1,0,0,,,0
6323_R2_GCGTGCACAGTCGGAA-1,6323_R2,0,low_single_type,1,0,0,,,0
6323_R2_GCGTTTCAGAAATTCG-1,6323_R2,0,low_single_type,1,0,0,,,0
6323_R2_GCGTTTCAGATAGCTA-1,6323_R2,1,low_single_type,1,1,1,,,1
6323_R2_GCGTTTCAGATGTTCC-1,6323_R2,0,low_single_type,1,0,0,,,0
6323_R2_GCGTTTCCAGGGACTA-1,6323_R2,0,low_single_type,1,0,0,,,0
6323_R2_GCGTTTCGTTGTTGCA-1,6323_R2,0,low_single_type,1,0,0,,,0
6323_R2_GCGTTTCTCCGTAGGC-1,6323_R2,0,low_single_type,1,0,0,,,0
6323_R2_GCGTTTCTCGTTACCC-1,6323_R2,0,low_single_type,1,0,0,,,0
6323_R2_GCTACAACATTCACCC-1,6323_R2,0,low_single_type,1,0,0,,,0
6323_R2_GCTACAATCATCGCAA-1,6323_R2,0,low_single_type,1,0,0,,,0
6323_R2_GCTACAATCATCGCCT-1,6323_R2,0,low_single_type,1,0,0,,,0
6323_R2_GCTACAATCCCGAATA-1,6323_R2,0,low_single_type,1,0,0,,,0
6323_R2_GCTACCTAGTATGAAC-1,6323_R2,0,low_single_type,1,0,0,,,0
6323_R2_GCTACCTGTAGTCTTG-1,6323_R2,0,low_single_type,1,0,0,,,0
6323_R2_GCTACCTGTATGAGGC-1,6323_R2,0,low_single_type,1,0,0,,,0
6323_R2_GCTACCTGTCGAAGCA-1,6323_R2,1,low_single_type,1,1,1,,,1
6323_R2_GCTACCTTCGGATACT-1,6323_R2,0,low_single_type,1,0,0,,,0
6323_R2_GCTCAAAAGAAACACT-1,6323_R2,0,low_single_type,1,0,0,,,0
6323_R2_GCTCAAAAGACCTTTG-1,6323_R2,0,low_single_type,1,0,0,,,0
6323_R2_GCTCAAATCGGAAGGT-1,6323_R2,1,low_single_type,1,1,1,,,1
6323_R2_GCTGAATAGGTTACAA-1,6323_R2,0,low_single_type,1,0,0,,,0
6323_R2_GCTGCAGCAAACTAAG-1,6323_R2,0,low_single_type,1,0,0,,,0
6323_R2_GCTGCAGGTCCTGGTG-1,6323_R2,0,low_single_type,1,0,0,,,0
6323_R2_GCTGCAGGTCCTTAAG-1,6323_R2,0,low_single_type,1,0,0,,,0
6323_R2_GCTGGGTAGGCCATAG-1,6323_R2,0,low_single_type,1,0,0,,,0
6323_R2_GCTGGGTAGGGAGGCA-1,6323_R2,0,low_single_type,1,0,0,,,0
6323_R2_GCTGGGTCAGCTACTA-1,6323_R2,0,low_single_type,1,0,0,,,0
6323_R2_GCTGGGTCATCTGGGC-1,6323_R2,0,low_single_type,1,0,0,,,0
6323_R2_GCTGGGTGTATGGAGC-1,6323_R2,0,low_single_type,1,0,0,,,0
6323_R2_GCTGGGTTCTTAGCCC-1,6323_R2,0,low_single_type,1,0,0,,,0
6323_R2_GCTTCACAGGATAATC-1,6323_R2,0,low_single_type,1,0,0,,,0
6323_R2_GCTTCACCATACCAGT-1,6323_R2,0,low_single_type,1,0,0,,,0
6323_R2_GCTTCACTCCATCTGC-1,6323_R2,0,low_single_type,1,0,0,,,0
6323_R2_GCTTCACTCGTTCCCA-1,6323_R2,0,low_single_type,1,0,0,,,0
6323_R2_GCTTGGGAGTTACGAA-1,6323_R2,0,low_single_type,1,0,0,,,0
6323_R2_GCTTTCGCAAGATTGA-1,6323_R2,0,low_single_type,1,0,0,,,0
6323_R2_GCTTTCGCACAGTCGC-1,6323_R2,0,low_single_type,1,0,0,,,0
6323_R2_GCTTTCGCATCGCTGG-1,6323_R2,0,low_single_type,1,0,0,,,0
6323_R2_GCTTTCGCATTACTCT-1,6323_R2,0,low_single_type,1,0,0,,,0
6323_R2_GCTTTCGTCTGTACAG-1,6323_R2,0,low_single_type,1,0,0,,,0
6323_R2_GCTTTCGTCTTGGCTC-1,6323_R2,0,low_single_type,1,0,0,,,0
6323_R2_GGAACCCAGCAGTAAT-1,6323_R2,0,low_single_type,1,0,0,,,0
6323_R2_GGAACCCCACGTTCGG-1,6323_R2,0,low_single_type,1,0,0,,,0
6323_R2_GGAACCCCAGCCGTTG-1,6323_R2,0,low_single_type,1,0,0,,,0
6323_R2_GGAAGTGAGCGCCTAC-1,6323_R2,0,low_single_type,1,0,0,,,0
6323_R2_GGAAGTGGTACTAGCT-1,6323_R2,0,low_single_type,1,0,0,,,0
6323_R2_GGAAGTGTCACGATAC-1,6323_R2,0,low_single_type,1,0,0,,,0
6323_R2_GGAAGTGTCATGGCCG-1,6323_R2,0,low_single_type,1,0,0,,,0
6323_R2_GGAATCTAGCAGGCAT-1,6323_R2,0,low_single_type,1,0,0,,,0
6323_R2_GGAATCTGTCAAATCC-1,6323_R2,0,low_single_type,1,0,0,,,0
6323_R2_GGAATCTGTTGGGTTT-1,6323_R2,0,low_single_type,1,0,0,,,0
6323_R2_GGAATCTTCCAGCCTT-1,6323_R2,0,low_single_type,1,0,0,,,0
6323_R2_GGAATCTTCCGCATAA-1,6323_R2,0,low_single_type,1,0,0,,,0
6323_R2_GGAATCTTCTGGGTCG-1,6323_R2,0,low_single_type,1,0,0,,,0
6323_R2_GGAATGGAGAAACACT-1,6323_R2,0,low_single_type,1,0,0,,,0
6323_R2_GGAATGGCACACAGAG-1,6323_R2,0,low_single_type,1,0,0,,,0
6323_R2_GGAATGGCATGTGGCC-1,6323_R2,0,low_single_type,1,0,0,,,0
6323_R2_GGAATGGTCAAGTGTC-1,6323_R2,0,low_single_type,1,0,0,,,0
6323_R2_GGAATGGTCGCCTAGG-1,6323_R2,0,low_single_type,1,0,0,,,0
6323_R2_GGACGTCAGTATTGCC-1,6323_R2,0,low_single_type,1,0,0,,,0
6323_R2_GGACGTCCATGTGGTT-1,6323_R2,0,low_single_type,1,0,0,,,0
6323_R2_GGACGTCGTATTGAGA-1,6323_R2,0,low_single_type,1,0,0,,,0
6323_R2_GGACGTCGTGAGATAT-1,6323_R2,0,low_single_type,1,0,0,,,0
6323_R2_GGACGTCTCCACAGGC-1,6323_R2,0,low_single_type,1,0,0,,,0
6323_R2_GGAGAACAGATAACAC-1,6323_R2,0,low_single_type,1,0,0,,,0
6323_R2_GGAGAACAGTTGAAGT-1,6323_R2,0,low_single_type,1,0,0,,,0
6323_R2_GGAGAACAGTTGGCTT-1,6323_R2,0,low_single_type,1,0,0,,,0
6323_R2_GGAGAACCACACGCCA-1,6323_R2,0,low_single_type,1,0,0,,,0
6323_R2_GGAGAACGTACGACTT-1,6323_R2,0,low_single_type,1,0,0,,,0
6323_R2_GGAGAACGTACGAGCA-1,6323_R2,0,low_single_type,1,0,0,,,0
6323_R2_GGAGAACTCTTTCGAT-1,6323_R2,0,low_single_type,1,0,0,,,0
6323_R2_GGAGATGAGTGCTCGC-1,6323_R2,0,low_single_type,1,0,0,,,0
6323_R2_GGAGATGCACGCCACA-1,6323_R2,0,low_single_type,1,0,0,,,0
6323_R2_GGAGATGGTCCACGCA-1,6323_R2,0,low_single_type,1,0,0,,,0
6323_R2_GGAGATGGTCCTGGTG-1,6323_R2,0,low_single_type,1,0,0,,,0
6323_R2_GGAGATGTCACCCATC-1,6323_R2,0,low_single_type,1,0,0,,,0
6323_R2_GGAGATGTCCAGCCTT-1,6323_R2,0,low_single_type,1,0,0,,,0
6323_R2_GGAGATGTCGACCAAT-1,6323_R2,0,low_single_type,1,0,0,,,0
6323_R2_GGAGCAAAGGTTACCT-1,6323_R2,0,low_single_type,1,0,0,,,0
6323_R2_GGAGCAAGTCATGACT-1,6323_R2,0,low_single_type,1,0,0,,,0
6323_R2_GGAGCAATCTGGCCTT-1,6323_R2,0,low_single_type,1,0,0,,,0
6323_R2_GGAGGATGTCTGTGTA-1,6323_R2,0,low_single_type,1,0,0,,,0
6323_R2_GGAGGATGTGTAAACA-1,6323_R2,0,low_single_type,1,0,0,,,0
6323_R2_GGAGGTAAGATACCAA-1,6323_R2,0,low_single_type,1,0,0,,,0
6323_R2_GGAGGTACAGAAGCGT-1,6323_R2,0,low_single_type,1,0,0,,,0
6323_R2_GGAGGTAGTAACGTTC-1,6323_R2,0,low_single_type,1,0,0,,,0
6323_R2_GGAGGTAGTACTTGTG-1,6323_R2,0,low_single_type,1,0,0,,,0
6323_R2_GGAGGTAGTGCGTTTA-1,6323_R2,1,low_single_type,1,1,1,,,1
6323_R2_GGAGGTATCCCAAGTA-1,6323_R2,0,low_single_type,1,0,0,,,0
6323_R2_GGAGGTATCGACGTCG-1,6323_R2,0,low_single_type,1,0,0,,,0
6323_R2_GGAGGTATCTAGTGTG-1,6323_R2,0,low_single_type,1,0,0,,,0
6323_R2_GGATCTACAGGACTAG-1,6323_R2,0,low_single_type,1,0,0,,,0
6323_R2_GGATCTACATTAGGCT-1,6323_R2,0,low_single_type,1,0,0,,,0
6323_R2_GGATCTAGTATACCTG-1,6323_R2,0,low_single_type,1,0,0,,,0
6323_R2_GGATCTATCGATGCAT-1,6323_R2,0,low_single_type,1,0,0,,,0
6323_R2_GGATGTTAGCAAACAT-1,6323_R2,0,low_single_type,1,0,0,,,0
6323_R2_GGATGTTAGTGCTCGC-1,6323_R2,0,low_single_type,1,0,0,,,0
6323_R2_GGATGTTGTAGGTGCA-1,6323_R2,0,low_single_type,1,0,0,,,0
6323_R2_GGATGTTGTATGACAA-1,6323_R2,0,low_single_type,1,0,0,,,0
6323_R2_GGATGTTGTCGAATTC-1,6323_R2,0,low_single_type,1,0,0,,,0
6323_R2_GGCACGTCATCCTGTC-1,6323_R2,0,low_single_type,1,0,0,,,0
6323_R2_GGCACGTGTATCGGTT-1,6323_R2,0,low_single_type,1,0,0,,,0
6323_R2_GGCACGTGTCCTTGTC-1,6323_R2,0,low_single_type,1,0,0,,,0
6323_R2_GGCACGTTCTCGTTTA-1,6323_R2,0,low_single_type,1,0,0,,,0
6323_R2_GGCAGTCCACGCTATA-1,6323_R2,0,low_single_type,1,0,0,,,0
6323_R2_GGCAGTCGTACAGTTC-1,6323_R2,1,low_single_type,1,1,1,,,1
6323_R2_GGCAGTCGTGTTGATC-1,6323_R2,0,low_single_type,1,0,0,,,0
6323_R2_GGCGTCATCCACACCT-1,6323_R2,0,low_single_type,1,0,0,,,0
6323_R2_GGCTGTGCATCGCTGG-1,6323_R2,0,low_single_type,1,0,0,,,0
6323_R2_GGCTGTGCATGCGGTC-1,6323_R2,0,low_single_type,1,0,0,,,0
6323_R2_GGCTGTGGTATGCGGA-1,6323_R2,0,low_single_type,1,0,0,,,0
6323_R2_GGCTGTGGTTACCCAA-1,6323_R2,0,low_single_type,1,0,0,,,0
6323_R2_GGCTGTGTCTTTCAGT-1,6323_R2,0,low_single_type,1,0,0,,,0
6323_R2_GGCTTGGAGCAGATAT-1,6323_R2,0,low_single_type,1,0,0,,,0
6323_R2_GGCTTGGAGGTTCCAT-1,6323_R2,0,low_single_type,1,0,0,,,0
6323_R2_GGCTTGGAGGTTGTTC-1,6323_R2,0,low_single_type,1,0,0,,,0
6323_R2_GGCTTGGCAGAACCGA-1,6323_R2,0,low_single_type,1,0,0,,,0
6323_R2_GGCTTGGGTACTGCGC-1,6323_R2,0,low_single_type,1,0,0,,,0
6323_R2_GGCTTGGTCTACGGGC-1,6323_R2,0,low_single_type,1,0,0,,,0
6323_R2_GGCTTTCAGCTAGATA-1,6323_R2,0,low_single_type,1,0,0,,,0
6323_R2_GGCTTTCCAAAGGTTA-1,6323_R2,0,low_single_type,1,0,0,,,0
6323_R2_GGCTTTCGTACAGAAT-1,6323_R2,0,low_single_type,1,0,0,,,0
6323_R2_GGCTTTCGTAGGTACG-1,6323_R2,0,low_single_type,1,0,0,,,0
6323_R2_GGCTTTCGTCGCTGCA-1,6323_R2,0,low_single_type,1,0,0,,,0
6323_R2_GGCTTTCGTCGTTGGC-1,6323_R2,0,low_single_type,1,0,0,,,0
6323_R2_GGGAAGTAGTATGGCG-1,6323_R2,0,low_single_type,1,0,0,,,0
6323_R2_GGGAAGTGTTCTGACA-1,6323_R2,0,low_single_type,1,0,0,,,0
6323_R2_GGGAAGTTCTTGGTGA-1,6323_R2,0,low_single_type,1,0,0,,,0
6323_R2_GGGACAAGTCGTAATC-1,6323_R2,0,low_single_type,1,0,0,,,0
6323_R2_GGGACAATCGATGCAT-1,6323_R2,0,low_single_type,1,0,0,,,0
6323_R2_GGGACCTCAATACCTG-1,6323_R2,0,low_single_type,1,0,0,,,0
6323_R2_GGGACCTGTCATAAAG-1,6323_R2,0,low_single_type,1,0,0,,,0
6323_R2_GGGACCTGTCGCTTAA-1,6323_R2,0,low_single_type,1,0,0,,,0
6323_R2_GGGACCTGTTATGTGC-1,6323_R2,0,low_single_type,1,0,0,,,0
6323_R2_GGGACTCAGTTGCTCA-1,6323_R2,0,low_single_type,1,0,0,,,0
6323_R2_GGGACTCCACGACCTG-1,6323_R2,0,low_single_type,1,0,0,,,0
6323_R2_GGGACTCCACTGTGTA-1,6323_R2,0,low_single_type,1,0,0,,,0
6323_R2_GGGACTCTCAGCTGTA-1,6323_R2,0,low_single_type,1,0,0,,,0
6323_R2_GGGAGATAGATAACGT-1,6323_R2,0,low_single_type,1,0,0,,,0
6323_R2_GGGAGTAAGAAGTGTT-1,6323_R2,0,low_single_type,1,0,0,,,0
6323_R2_GGGAGTAAGTGGTTCT-1,6323_R2,0,low_single_type,1,0,0,,,0
6323_R2_GGGAGTACAGCTGGTC-1,6323_R2,0,low_single_type,1,0,0,,,0
6323_R2_GGGAGTAGTGTATCCA-1,6323_R2,0,low_single_type,1,0,0,,,0
6323_R2_GGGAGTATCAGAATAG-1,6323_R2,0,low_single_type,1,0,0,,,0
6323_R2_GGGAGTATCCTCACTG-1,6323_R2,0,low_single_type,1,0,0,,,0
6323_R2_GGGAGTATCGCTATTT-1,6323_R2,0,low_single_type,1,0,0,,,0
6323_R2_GGGATCCTCTGCGGCA-1,6323_R2,0,low_single_type,1,0,0,,,0
6323_R2_GGGATGAAGTCCCAAT-1,6323_R2,0,low_single_type,1,0,0,,,0
6323_R2_GGGATGACACGACTAT-1,6323_R2,0,low_single_type,1,0,0,,,0
6323_R2_GGGATGATCCATTTGT-1,6323_R2,0,low_single_type,1,0,0,,,0
6323_R2_GGGCCATAGCTTCGTA-1,6323_R2,0,low_single_type,1,0,0,,,0
6323_R2_GGGCCATCATGATCTG-1,6323_R2,0,low_single_type,1,0,0,,,0
6323_R2_GGGCCATGTTCGGCTG-1,6323_R2,0,low_single_type,1,0,0,,,0
6323_R2_GGGCGTTAGTTCCGGC-1,6323_R2,0,low_single_type,1,0,0,,,0
6323_R2_GGGCGTTCAGACCTAT-1,6323_R2,0,low_single_type,1,0,0,,,0
6323_R2_GGGCGTTGTAACATCC-1,6323_R2,0,low_single_type,1,0,0,,,0
6323_R2_GGGCGTTGTTACCGTA-1,6323_R2,0,low_single_type,1,0,0,,,0
6323_R2_GGGCGTTTCGAGTGGA-1,6323_R2,0,low_single_type,1,0,0,,,0
6323_R2_GGGCTACCAGTTTCAG-1,6323_R2,0,low_single_type,1,0,0,,,0
6323_R2_GGGCTCAGTCGTGCCA-1,6323_R2,0,low_single_type,1,0,0,,,0
6323_R2_GGGCTCATCCGATCGG-1,6323_R2,0,low_single_type,1,0,0,,,0
6323_R2_GGGTAGAAGATAGTGT-1,6323_R2,0,low_single_type,1,0,0,,,0
6323_R2_GGGTAGATCCATCGTC-1,6323_R2,0,low_single_type,1,0,0,,,0
6323_R2_GGGTAGATCGGTTAGT-1,6323_R2,0,low_single_type,1,0,0,,,0
6323_R2_GGGTATTAGACCAGAC-1,6323_R2,0,low_single_type,1,0,0,,,0
6323_R2_GGGTATTCAGAGGCTA-1,6323_R2,0,low_single_type,1,0,0,,,0
6323_R2_GGGTCACAGGGCCTCT-1,6323_R2,0,low_single_type,1,0,0,,,0
6323_R2_GGGTCACCAGCAAGAC-1,6323_R2,0,low_single_type,1,0,0,,,0
6323_R2_GGGTCACGTCATAACC-1,6323_R2,0,low_single_type,1,0,0,,,0
6323_R2_GGGTCACTCACGAGGA-1,6323_R2,0,low_single_type,1,0,0,,,0
6323_R2_GGGTCTGCATCGAAGG-1,6323_R2,0,low_single_type,1,0,0,,,0
6323_R2_GGGTCTGGTTGGATCT-1,6323_R2,0,low_single_type,1,0,0,,,0
6323_R2_GGGTCTGTCACCTTGC-1,6323_R2,0,low_single_type,1,0,0,,,0
6323_R2_GGGTCTGTCTCTTGCG-1,6323_R2,0,low_single_type,1,0,0,,,0
6323_R2_GGGTGTCAGTAGGCCA-1,6323_R2,0,low_single_type,1,0,0,,,0
6323_R2_GGGTGTCCATTCTTCA-1,6323_R2,0,low_single_type,1,0,0,,,0
6323_R2_GGGTGTCGTATCCCAA-1,6323_R2,0,low_single_type,1,0,0,,,0
6323_R2_GGGTGTCGTCTCCTGT-1,6323_R2,0,low_single_type,1,0,0,,,0
6323_R2_GGGTGTCTCAGACATC-1,6323_R2,0,low_single_type,1,0,0,,,0
6323_R2_GGGTTATAGCAAGTGC-1,6323_R2,0,low_single_type,1,0,0,,,0
6323_R2_GGGTTATAGCAGCCTC-1,6323_R2,0,low_single_type,1,0,0,,,0
6323_R2_GGGTTATAGGGAGGAC-1,6323_R2,0,low_single_type,1,0,0,,,0
6323_R2_GGGTTATAGTTTCGAC-1,6323_R2,0,low_single_type,1,0,0,,,0
6323_R2_GGGTTATTCGCTGATA-1,6323_R2,0,low_single_type,1,0,0,,,0
6323_R2_GGGTTTAAGATGTTGA-1,6323_R2,0,low_single_type,1,0,0,,,0
6323_R2_GGGTTTAGTGTTATCG-1,6323_R2,0,low_single_type,1,0,0,,,0
6323_R2_GGTAACTGTAGTCCTA-1,6323_R2,0,low_single_type,1,0,0,,,0
6323_R2_GGTAACTGTTCCGCGA-1,6323_R2,0,low_single_type,1,0,0,,,0
6323_R2_GGTAACTTCTTACCAT-1,6323_R2,0,low_single_type,1,0,0,,,0
6323_R2_GGTAATCAGAATCGCG-1,6323_R2,0,low_single_type,1,0,0,,,0
6323_R2_GGTAATCCAACGTTAC-1,6323_R2,0,low_single_type,1,0,0,,,0
6323_R2_GGTAGAGAGAGAGGTA-1,6323_R2,0,low_single_type,1,0,0,,,0
6323_R2_GGTAGAGCACTTACAG-1,6323_R2,1,low_single_type,1,1,1,,,1
6323_R2_GGTAGAGGTGAACCGA-1,6323_R2,0,low_single_type,1,0,0,,,0
6323_R2_GGTAGAGTCCTATGGA-1,6323_R2,0,low_single_type,1,0,0,,,0
6323_R2_GGTCACGAGCACCGTC-1,6323_R2,0,low_single_type,1,0,0,,,0
6323_R2_GGTCACGAGTCTAACC-1,6323_R2,0,low_single_type,1,0,0,,,0
6323_R2_GGTCACGCACCCAACG-1,6323_R2,0,low_single_type,1,0,0,,,0
6323_R2_GGTCACGCATCTCATT-1,6323_R2,0,low_single_type,1,0,0,,,0
6323_R2_GGTCACGGTAGGATAT-1,6323_R2,0,low_single_type,1,0,0,,,0
6323_R2_GGTCACGTCGCCAGTG-1,6323_R2,0,low_single_type,1,0,0,,,0
6323_R2_GGTCACGTCGCTTACC-1,6323_R2,0,low_single_type,1,0,0,,,0
6323_R2_GGTCTGGAGGACTTCT-1,6323_R2,0,low_single_type,1,0,0,,,0
6323_R2_GGTCTGGAGGCATGCA-1,6323_R2,0,low_single_type,1,0,0,,,0
6323_R2_GGTCTGGCACACGTGC-1,6323_R2,0,low_single_type,1,0,0,,,0
6323_R2_GGTCTGGGTGACCGAA-1,6323_R2,1,low_single_type,1,1,1,,,1
6323_R2_GGTCTGGTCGAGCCAC-1,6323_R2,0,low_single_type,1,0,0,,,0
6323_R2_GGTGAAGAGCGATGGT-1,6323_R2,0,low_single_type,1,0,0,,,0
6323_R2_GGTGAAGCATGAAAGT-1,6323_R2,0,low_single_type,1,0,0,,,0
6323_R2_GGTGAAGGTACTAGCT-1,6323_R2,1,low_single_type,1,1,1,,,1
6323_R2_GGTGAAGGTATCCCAA-1,6323_R2,0,low_single_type,1,0,0,,,0
6323_R2_GGTGAAGTCCCAGTGG-1,6323_R2,0,low_single_type,1,0,0,,,0
6323_R2_GGTGATTAGGCTCCCA-1,6323_R2,0,low_single_type,1,0,0,,,0
6323_R2_GGTGATTCACGCTGCA-1,6323_R2,0,low_single_type,1,0,0,,,0
6323_R2_GGTGATTGTCATATGC-1,6323_R2,0,low_single_type,1,0,0,,,0
6323_R2_GGTGATTTCACGTCCT-1,6323_R2,0,low_single_type,1,0,0,,,0
6323_R2_GGTGATTTCCATCCGT-1,6323_R2,0,low_single_type,1,0,0,,,0
6323_R2_GGTGGCTGTATGAAAC-1,6323_R2,0,low_single_type,1,0,0,,,0
6323_R2_GGTGTCGAGGAAAGGT-1,6323_R2,0,low_single_type,1,0,0,,,0
6323_R2_GGTGTCGCAACTAGAA-1,6323_R2,0,low_single_type,1,0,0,,,0
6323_R2_GGTGTCGTCGAGTGGA-1,6323_R2,0,low_single_type,1,0,0,,,0
6323_R2_GGTGTTAAGCACTAAA-1,6323_R2,0,low_single_type,1,0,0,,,0
6323_R2_GGTGTTACACCATTCC-1,6323_R2,0,low_single_type,1,0,0,,,0
6323_R2_GGTGTTACATACCGTA-1,6323_R2,1,low_single_type,1,1,1,,,1
6323_R2_GGTGTTATCCTTATGT-1,6323_R2,0,low_single_type,1,0,0,,,0
6323_R2_GGTGTTATCTAGACCA-1,6323_R2,0,low_single_type,1,0,0,,,0
6323_R2_GGTTAACCAACACAGG-1,6323_R2,0,low_single_type,1,0,0,,,0
6323_R2_GGTTAACCAACAGTGG-1,6323_R2,0,low_single_type,1,0,0,,,0
6323_R2_GGTTAACCACCCTAAA-1,6323_R2,0,low_single_type,1,0,0,,,0
6323_R2_GGTTAACCACTTTATC-1,6323_R2,0,low_single_type,1,0,0,,,0
6323_R2_GGTTAACCAGTCGCTG-1,6323_R2,0,low_single_type,1,0,0,,,0
6323_R2_GGTTAACTCGACCATA-1,6323_R2,0,low_single_type,1,0,0,,,0
6323_R2_GGTTCTCGTAGTATAG-1,6323_R2,0,low_single_type,1,0,0,,,0
6323_R2_GGTTGTACAAACTCTG-1,6323_R2,0,low_single_type,1,0,0,,,0
6323_R2_GGTTGTACAAGATTGA-1,6323_R2,0,low_single_type,1,0,0,,,0
6323_R2_GGTTGTAGTAGGCAGT-1,6323_R2,0,low_single_type,1,0,0,,,0
6323_R2_GGTTGTAGTGGGATTG-1,6323_R2,0,low_single_type,1,0,0,,,0
6323_R2_GTAACACAGGCGAACT-1,6323_R2,1,low_single_type,1,1,1,,,1
6323_R2_GTAACACAGGGAGGTG-1,6323_R2,0,low_single_type,1,0,0,,,0
6323_R2_GTAACACCACCAGGTC-1,6323_R2,0,low_single_type,1,0,0,,,0
6323_R2_GTAACCAAGGTTATAG-1,6323_R2,0,low_single_type,1,0,0,,,0
6323_R2_GTAACCAAGTGCCAGA-1,6323_R2,0,low_single_type,1,0,0,,,0
6323_R2_GTAACCACAATTTCTC-1,6323_R2,0,low_single_type,1,0,0,,,0
6323_R2_GTAACCAGTTCCTACC-1,6323_R2,0,low_single_type,1,0,0,,,0
6323_R2_GTAAGTCAGAGTCCGA-1,6323_R2,0,low_single_type,1,0,0,,,0
6323_R2_GTAAGTCAGGGCAATC-1,6323_R2,0,low_single_type,1,0,0,,,0
6323_R2_GTAAGTCGTGACAGGT-1,6323_R2,0,low_single_type,1,0,0,,,0
6323_R2_GTAATCGTCTTGGTGA-1,6323_R2,0,low_single_type,1,0,0,,,0
6323_R2_GTAATGCGTCCTGGGT-1,6323_R2,0,low_single_type,1,0,0,,,0
6323_R2_GTAATGCTCTCTATAC-1,6323_R2,0,low_single_type,1,0,0,,,0
6323_R2_GTACAACGTCAACGCC-1,6323_R2,0,low_single_type,1,0,0,,,0
6323_R2_GTACAACTCATAAGGA-1,6323_R2,0,low_single_type,1,0,0,,,0
6323_R2_GTACAGTGTTTAGACC-1,6323_R2,0,low_single_type,1,0,0,,,0
6323_R2_GTACAGTTCCGATGCG-1,6323_R2,0,low_single_type,1,0,0,,,0
6323_R2_GTACAGTTCTGCCTGT-1,6323_R2,0,low_single_type,1,0,0,,,0
6323_R2_GTAGAAAGTCGCGTTG-1,6323_R2,0,low_single_type,1,0,0,,,0
6323_R2_GTAGAAAGTTCGGCGT-1,6323_R2,0,low_single_type,1,0,0,,,0
6323_R2_GTAGAGGGTTGACTAC-1,6323_R2,0,low_single_type,1,0,0,,,0
6323_R2_GTAGATCAGGGTACGT-1,6323_R2,0,low_single_type,1,0,0,,,0
6323_R2_GTAGATCCACCAGCTG-1,6323_R2,0,low_single_type,1,0,0,,,0
6323_R2_GTAGATCCAGGACGAT-1,6323_R2,0,low_single_type,1,0,0,,,0
6323_R2_GTAGATCGTCTGCATA-1,6323_R2,0,low_single_type,1,0,0,,,0
6323_R2_GTAGATCTCAGATGCT-1,6323_R2,0,low_single_type,1,0,0,,,0
6323_R2_GTAGCTAAGAACTGAT-1,6323_R2,0,low_single_type,1,0,0,,,0
6323_R2_GTAGGAGAGAAGTCTA-1,6323_R2,0,low_single_type,1,0,0,,,0
6323_R2_GTAGGAGAGCATCAGG-1,6323_R2,0,low_single_type,1,0,0,,,0
6323_R2_GTAGGAGAGGAACTCG-1,6323_R2,0,low_single_type,1,0,0,,,0
6323_R2_GTAGGAGAGTAGCTCT-1,6323_R2,0,low_single_type,1,0,0,,,0
6323_R2_GTAGGAGGTCTTGCTC-1,6323_R2,0,low_single_type,1,0,0,,,0
6323_R2_GTAGGTTAGTCACTGT-1,6323_R2,0,low_single_type,1,0,0,,,0
6323_R2_GTAGGTTCAATACCCA-1,6323_R2,0,low_single_type,1,0,0,,,0
6323_R2_GTAGGTTCACAGTACT-1,6323_R2,0,low_single_type,1,0,0,,,0
6323_R2_GTAGGTTCAGTCAGTT-1,6323_R2,0,low_single_type,1,0,0,,,0
6323_R2_GTAGGTTTCAAGGCTT-1,6323_R2,0,low_single_type,1,0,0,,,0
6323_R2_GTAGGTTTCAATCAGC-1,6323_R2,0,low_single_type,1,0,0,,,0
6323_R2_GTAGGTTTCGAGCCTG-1,6323_R2,0,low_single_type,1,0,0,,,0
6323_R2_GTAGGTTTCTAAGGAA-1,6323_R2,0,low_single_type,1,0,0,,,0
6323_R2_GTAGTACGTACTCCCT-1,6323_R2,0,low_single_type,1,0,0,,,0
6323_R2_GTAGTACTCGACCACG-1,6323_R2,0,low_single_type,1,0,0,,,0
6323_R2_GTATTGGAGACTCTTG-1,6323_R2,0,low_single_type,1,0,0,,,0
6323_R2_GTATTGGAGCCGATTT-1,6323_R2,0,low_single_type,1,0,0,,,0
6323_R2_GTATTGGAGCGCTTCG-1,6323_R2,0,low_single_type,1,0,0,,,0
6323_R2_GTATTGGCAGTGGTGA-1,6323_R2,0,low_single_type,1,0,0,,,0
6323_R2_GTATTTCAGGCTAAAT-1,6323_R2,0,low_single_type,1,0,0,,,0
6323_R2_GTATTTCGTCACCCTT-1,6323_R2,0,low_single_type,1,0,0,,,0
6323_R2_GTATTTCTCACAAGGG-1,6323_R2,0,low_single_type,1,0,0,,,0
6323_R2_GTATTTCTCATGGATC-1,6323_R2,0,low_single_type,1,0,0,,,0
6323_R2_GTATTTCTCCTCTCTT-1,6323_R2,0,low_single_type,1,0,0,,,0
6323_R2_GTATTTCTCTTCCACG-1,6323_R2,0,low_single_type,1,0,0,,,0
6323_R2_GTCAAACAGGCTTAGG-1,6323_R2,0,low_single_type,1,0,0,,,0
6323_R2_GTCAAACCAATCCAGT-1,6323_R2,1,low_single_type,1,1,1,,,1
6323_R2_GTCAAACCACCTTCCA-1,6323_R2,0,low_single_type,1,0,0,,,0
6323_R2_GTCAAACGTCACTTAG-1,6323_R2,1,low_single_type,1,1,1,,,1
6323_R2_GTCAAGTCAAGAGGTC-1,6323_R2,0,low_single_type,1,0,0,,,0
6323_R2_GTCAAGTCAAGATGGC-1,6323_R2,0,low_single_type,1,0,0,,,0
6323_R2_GTCAAGTGTACGACAG-1,6323_R2,0,low_single_type,1,0,0,,,0
6323_R2_GTCAAGTGTGCGGTAA-1,6323_R2,0,low_single_type,1,0,0,,,0
6323_R2_GTCAAGTTCGCTTGCT-1,6323_R2,0,low_single_type,1,0,0,,,0
6323_R2_GTCAAGTTCTGGCCGA-1,6323_R2,0,low_single_type,1,0,0,,,0
6323_R2_GTCAAGTTCTTACGTT-1,6323_R2,1,low_single_type,1,1,1,,,1
6323_R2_GTCACGGCAAACCATC-1,6323_R2,0,low_single_type,1,0,0,,,0
6323_R2_GTCACGGCACAGCTGC-1,6323_R2,0,low_single_type,1,0,0,,,0
6323_R2_GTCACGGTCGCCGATG-1,6323_R2,0,low_single_type,1,0,0,,,0
6323_R2_GTCACTCAGCATTGTC-1,6323_R2,0,low_single_type,1,0,0,,,0
6323_R2_GTCACTCAGGATACGC-1,6323_R2,0,low_single_type,1,0,0,,,0
6323_R2_GTCACTCAGTGGACGT-1,6323_R2,0,low_single_type,1,0,0,,,0
6323_R2_GTCACTCCACGAGGTA-1,6323_R2,0,low_single_type,1,0,0,,,0
6323_R2_GTCAGCGAGTCATCCA-1,6323_R2,1,low_single_type,1,1,1,,,1
6323_R2_GTCAGCGGTCCTGTTC-1,6323_R2,0,low_single_type,1,0,0,,,0
6323_R2_GTCAGCGTCCACATAG-1,6323_R2,0,low_single_type,1,0,0,,,0
6323_R2_GTCAGCGTCTCCCTAG-1,6323_R2,0,low_single_type,1,0,0,,,0
6323_R2_GTCATCCAGACGAAGA-1,6323_R2,0,low_single_type,1,0,0,,,0
6323_R2_GTCATCCAGAGGATGA-1,6323_R2,0,low_single_type,1,0,0,,,0
6323_R2_GTCATCCCAATGGCCC-1,6323_R2,0,low_single_type,1,0,0,,,0
6323_R2_GTCATCCGTAGCTGCC-1,6323_R2,0,low_single_type,1,0,0,,,0
6323_R2_GTCATCCTCAAGGACG-1,6323_R2,0,low_single_type,1,0,0,,,0
6323_R2_GTCATCCTCGCCGATG-1,6323_R2,0,low_single_type,1,0,0,,,0
6323_R2_GTCATGAAGTAAATGC-1,6323_R2,0,low_single_type,1,0,0,,,0
6323_R2_GTCATGACACAATGAA-1,6323_R2,0,low_single_type,1,0,0,,,0
6323_R2_GTCATGACATGCGTGC-1,6323_R2,0,low_single_type,1,0,0,,,0
6323_R2_GTCATGACATTGAGGG-1,6323_R2,0,low_single_type,1,0,0,,,0
6323_R2_GTCATGAGTATCTTCT-1,6323_R2,0,low_single_type,1,0,0,,,0
6323_R2_GTCATGAGTCGTTGCG-1,6323_R2,0,low_single_type,1,0,0,,,0
6323_R2_GTCATGAGTTTCGTAG-1,6323_R2,0,low_single_type,1,0,0,,,0
6323_R2_GTCATTTAGAACTCCT-1,6323_R2,0,low_single_type,1,0,0,,,0
6323_R2_GTCATTTAGTTTCTTC-1,6323_R2,1,low_single_type,1,1,1,,,1
6323_R2_GTCATTTGTCACTCAA-1,6323_R2,0,low_single_type,1,0,0,,,0
6323_R2_GTCATTTTCAGACAAA-1,6323_R2,0,low_single_type,1,0,0,,,0
6323_R2_GTCCACTCAGTTAGGG-1,6323_R2,0,low_single_type,1,0,0,,,0
6323_R2_GTCCACTTCGTGCACG-1,6323_R2,0,low_single_type,1,0,0,,,0
6323_R2_GTCCCATGTCGTGTTA-1,6323_R2,0,low_single_type,1,0,0,,,0
6323_R2_GTCCCATGTTTCGATG-1,6323_R2,0,low_single_type,1,0,0,,,0
6323_R2_GTCCTCAAGGTTCAGG-1,6323_R2,0,low_single_type,1,0,0,,,0
6323_R2_GTCCTCACATATGAAG-1,6323_R2,0,low_single_type,1,0,0,,,0
6323_R2_GTCCTCATCAAGGACG-1,6323_R2,0,low_single_type,1,0,0,,,0
6323_R2_GTCCTCATCGTTCTGC-1,6323_R2,0,low_single_type,1,0,0,,,0
6323_R2_GTCGAATAGAGTTCGG-1,6323_R2,1,low_single_type,1,1,1,,,1
6323_R2_GTCGAATCAGAATGTA-1,6323_R2,0,low_single_type,1,0,0,,,0
6323_R2_GTCGAATGTGAGCGAT-1,6323_R2,0,low_single_type,1,0,0,,,0
6323_R2_GTCGCGAAGAACTCCT-1,6323_R2,1,low_single_type,1,1,1,,,1
6323_R2_GTCGCGAAGAGTCACG-1,6323_R2,0,low_single_type,1,0,0,,,0
6323_R2_GTCGCGAAGATTACCC-1,6323_R2,0,low_single_type,1,0,0,,,0
6323_R2_GTCGCGAAGGTACATA-1,6323_R2,0,low_single_type,1,0,0,,,0
6323_R2_GTCGCGACACGCGCTA-1,6323_R2,0,low_single_type,1,0,0,,,0
6323_R2_GTCGCGAGTGGTCCGT-1,6323_R2,0,low_single_type,1,0,0,,,0
6323_R2_GTCGCGATCACTGTCC-1,6323_R2,0,low_single_type,1,0,0,,,0
6323_R2_GTCGCGATCGGACTTA-1,6323_R2,0,low_single_type,1,0,0,,,0
6323_R2_GTCGTAAAGCTCGCAC-1,6323_R2,0,low_single_type,1,0,0,,,0
6323_R2_GTCGTAAAGTGCAACG-1,6323_R2,0,low_single_type,1,0,0,,,0
6323_R2_GTCGTAAGTCCACGCA-1,6323_R2,0,low_single_type,1,0,0,,,0
6323_R2_GTCGTAAGTCTCCCTA-1,6323_R2,0,low_single_type,1,0,0,,,0
6323_R2_GTCGTAAGTGCTCTTC-1,6323_R2,0,low_single_type,1,0,0,,,0
6323_R2_GTCGTAATCCGTGGCA-1,6323_R2,0,low_single_type,1,0,0,,,0
6323_R2_GTCGTTCAGGGACAGG-1,6323_R2,0,low_single_type,1,0,0,,,0
6323_R2_GTCGTTCCACGGCCAT-1,6323_R2,0,low_single_type,1,0,0,,,0
6323_R2_GTCGTTCCAGGCATGA-1,6323_R2,0,low_single_type,1,0,0,,,0
6323_R2_GTCGTTCGTAACTAAG-1,6323_R2,0,low_single_type,1,0,0,,,0
6323_R2_GTCGTTCGTCCAAATC-1,6323_R2,0,low_single_type,1,0,0,,,0
6323_R2_GTCGTTCTCCATCAGA-1,6323_R2,0,low_single_type,1,0,0,,,0
6323_R2_GTCGTTCTCTTCACAT-1,6323_R2,0,low_single_type,1,0,0,,,0
6323_R2_GTCTACCAGGTCCGAA-1,6323_R2,1,low_single_type,1,1,1,,,1
6323_R2_GTCTACCCAATGCTCA-1,6323_R2,0,low_single_type,1,0,0,,,0
6323_R2_GTCTACCGTCAGCTTA-1,6323_R2,0,low_single_type,1,0,0,,,0
6323_R2_GTCTACCTCCCAGCGA-1,6323_R2,0,low_single_type,1,0,0,,,0
6323_R2_GTCTACCTCCTCTCTT-1,6323_R2,0,low_single_type,1,0,0,,,0
6323_R2_GTCTAGAAGGTGCTTT-1,6323_R2,0,low_single_type,1,0,0,,,0
6323_R2_GTCTAGACACAACATC-1,6323_R2,0,low_single_type,1,0,0,,,0
6323_R2_GTCTAGAGTATACAGA-1,6323_R2,0,low_single_type,1,0,0,,,0
6323_R2_GTCTAGAGTGTCCCTT-1,6323_R2,0,low_single_type,1,0,0,,,0
6323_R2_GTCTCACTCCTCAGAA-1,6323_R2,0,low_single_type,1,0,0,,,0
6323_R2_GTCTGTCAGTTCCAGT-1,6323_R2,0,low_single_type,1,0,0,,,0
6323_R2_GTCTGTCTCTCTCCGA-1,6323_R2,0,low_single_type,1,0,0,,,0
6323_R2_GTCTTTACAATTCTCT-1,6323_R2,0,low_single_type,1,0,0,,,0
6323_R2_GTCTTTATCGGTCATA-1,6323_R2,0,low_single_type,1,0,0,,,0
6323_R2_GTGACGCAGATAACAC-1,6323_R2,0,low_single_type,1,0,0,,,0
6323_R2_GTGACGCAGCAACTCT-1,6323_R2,0,low_single_type,1,0,0,,,0
6323_R2_GTGACGCCACGACCTG-1,6323_R2,0,low_single_type,1,0,0,,,0
6323_R2_GTGACGCCATAGACTC-1,6323_R2,0,low_single_type,1,0,0,,,0
6323_R2_GTGACGCGTTCTTCAT-1,6323_R2,0,low_single_type,1,0,0,,,0
6323_R2_GTGACGCTCAGCTAGT-1,6323_R2,0,low_single_type,1,0,0,,,0
6323_R2_GTGACGCTCATTACGG-1,6323_R2,0,low_single_type,1,0,0,,,0
6323_R2_GTGACGCTCCCTTGTG-1,6323_R2,0,low_single_type,1,0,0,,,0
6323_R2_GTGAGCCGTATGCAAA-1,6323_R2,0,low_single_type,1,0,0,,,0
6323_R2_GTGAGCCTCATTTGGG-1,6323_R2,0,low_single_type,1,0,0,,,0
6323_R2_GTGAGGAAGCCTCTCT-1,6323_R2,0,low_single_type,1,0,0,,,0
6323_R2_GTGAGGACACATAGCT-1,6323_R2,1,low_single_type,1,1,1,,,1
6323_R2_GTGAGTTAGTTAGAAC-1,6323_R2,0,low_single_type,1,0,0,,,0
6323_R2_GTGAGTTTCGCGCCAA-1,6323_R2,0,low_single_type,1,0,0,,,0
6323_R2_GTGATGTCAACTGCTA-1,6323_R2,1,low_single_type,1,1,1,,,1
6323_R2_GTGATGTGTAGACACG-1,6323_R2,0,low_single_type,1,0,0,,,0
6323_R2_GTGATGTTCGATACAC-1,6323_R2,0,low_single_type,1,0,0,,,0
6323_R2_GTGATGTTCTGGGATT-1,6323_R2,1,low_single_type,1,1,1,,,1
6323_R2_GTGCACGCAGCTTTCC-1,6323_R2,0,low_single_type,1,0,0,,,0
6323_R2_GTGCACGCATATGCGT-1,6323_R2,1,low_single_type,1,1,1,,,1
6323_R2_GTGCACGGTAAGGCTG-1,6323_R2,0,low_single_type,1,0,0,,,0
6323_R2_GTGCACGGTACGCTAT-1,6323_R2,0,low_single_type,1,0,0,,,0
6323_R2_GTGCACGTCGAACTCA-1,6323_R2,0,low_single_type,1,0,0,,,0
6323_R2_GTGCAGCGTAAGATCA-1,6323_R2,0,low_single_type,1,0,0,,,0
6323_R2_GTGCAGCGTACGTACT-1,6323_R2,0,low_single_type,1,0,0,,,0
6323_R2_GTGCAGCGTAGCGAGT-1,6323_R2,0,low_single_type,1,0,0,,,0
6323_R2_GTGCAGCTCAGTGGGA-1,6323_R2,0,low_single_type,1,0,0,,,0
6323_R2_GTGCAGCTCGTAACAC-1,6323_R2,0,low_single_type,1,0,0,,,0
6323_R2_GTGCGTGCAAGAGTGC-1,6323_R2,0,low_single_type,1,0,0,,,0
6323_R2_GTGCGTGCAATCTGCA-1,6323_R2,0,low_single_type,1,0,0,,,0
6323_R2_GTGCGTGGTGCATACT-1,6323_R2,0,low_single_type,1,0,0,,,0
6323_R2_GTGCGTGTCTAAGAAG-1,6323_R2,0,low_single_type,1,0,0,,,0
6323_R2_GTGCTGGAGGCCTTGC-1,6323_R2,0,low_single_type,1,0,0,,,0
6323_R2_GTGCTGGAGGTGTGAC-1,6323_R2,0,low_single_type,1,0,0,,,0
6323_R2_GTGCTGGCACACGGTC-1,6323_R2,0,low_single_type,1,0,0,,,0
6323_R2_GTGCTGGCACGCCAGT-1,6323_R2,0,low_single_type,1,0,0,,,0
6323_R2_GTGCTGGGTCCGAAAG-1,6323_R2,0,low_single_type,1,0,0,,,0
6323_R2_GTGCTGGTCTGGCCTT-1,6323_R2,1,low_single_type,1,1,1,,,1
6323_R2_GTGCTTCCACTTTAGG-1,6323_R2,0,low_single_type,1,0,0,,,0
6323_R2_GTGCTTCCATCAGCTA-1,6323_R2,0,low_single_type,1,0,0,,,0
6323_R2_GTGCTTCCATCCTAAG-1,6323_R2,0,low_single_type,1,0,0,,,0
6323_R2_GTGCTTCTCACTGGGC-1,6323_R2,0,low_single_type,1,0,0,,,0
6323_R2_GTGGAAGAGCAAGTCG-1,6323_R2,0,low_single_type,1,0,0,,,0
6323_R2_GTGGAAGCACAGCTTA-1,6323_R2,0,low_single_type,1,0,0,,,0
6323_R2_GTGGAAGGTATCGAGG-1,6323_R2,0,low_single_type,1,0,0,,,0
6323_R2_GTGGAAGGTCCATACA-1,6323_R2,0,low_single_type,1,0,0,,,0
6323_R2_GTGGAAGGTGTACATC-1,6323_R2,0,low_single_type,1,0,0,,,0
6323_R2_GTGGAAGGTTTGAAAG-1,6323_R2,0,low_single_type,1,0,0,,,0
6323_R2_GTGGAAGTCATTCATC-1,6323_R2,0,low_single_type,1,0,0,,,0
6323_R2_GTGGAAGTCGGACAAG-1,6323_R2,0,low_single_type,1,0,0,,,0
6323_R2_GTGGAGAAGACATATG-1,6323_R2,0,low_single_type,1,0,0,,,0
6323_R2_GTGGAGAAGGCTCTCG-1,6323_R2,1,low_single_type,1,1,1,,,1
6323_R2_GTGGAGAAGGGTAGCT-1,6323_R2,0,low_single_type,1,0,0,,,0
6323_R2_GTGGAGACAAATCAAG-1,6323_R2,0,low_single_type,1,0,0,,,0
6323_R2_GTGGAGAGTACTGCCG-1,6323_R2,0,low_single_type,1,0,0,,,0
6323_R2_GTGGAGAGTGTCCATA-1,6323_R2,0,low_single_type,1,0,0,,,0
6323_R2_GTGGCGTAGCGCATCC-1,6323_R2,0,low_single_type,1,0,0,,,0
6323_R2_GTGGCGTCATCGCTCT-1,6323_R2,0,low_single_type,1,0,0,,,0
6323_R2_GTGGCGTGTTTAGAGA-1,6323_R2,0,low_single_type,1,0,0,,,0
6323_R2_GTGGCGTTCAAACGAA-1,6323_R2,0,low_single_type,1,0,0,,,0
6323_R2_GTGGCGTTCTCCCAAC-1,6323_R2,0,low_single_type,1,0,0,,,0
6323_R2_GTGGCGTTCTGAGGTT-1,6323_R2,0,low_single_type,1,0,0,,,0
6323_R2_GTGGGAAAGTAGCAAT-1,6323_R2,0,low_single_type,1,0,0,,,0
6323_R2_GTGGTTACAGAACTCT-1,6323_R2,0,low_single_type,1,0,0,,,0
6323_R2_GTGGTTAGTGACTGAG-1,6323_R2,0,low_single_type,1,0,0,,,0
6323_R2_GTGTAACCACCGTACG-1,6323_R2,0,low_single_type,1,0,0,,,0
6323_R2_GTGTAACCATCCCGTT-1,6323_R2,0,low_single_type,1,0,0,,,0
6323_R2_GTGTAACGTCGTCATA-1,6323_R2,0,low_single_type,1,0,0,,,0
6323_R2_GTGTAACGTGCTGTCG-1,6323_R2,0,low_single_type,1,0,0,,,0
6323_R2_GTGTAACTCGTCAACA-1,6323_R2,1,low_single_type,1,1,1,,,1
6323_R2_GTGTCCTAGTAGGATT-1,6323_R2,1,low_single_type,1,1,1,,,1
6323_R2_GTGTGATGTAACCAGG-1,6323_R2,0,low_single_type,1,0,0,,,0
6323_R2_GTGTGATGTTTACACG-1,6323_R2,0,low_single_type,1,0,0,,,0
6323_R2_GTGTGATTCATTGTTC-1,6323_R2,0,low_single_type,1,0,0,,,0
6323_R2_GTGTGGCCAATACGCT-1,6323_R2,0,low_single_type,1,0,0,,,0
6323_R2_GTGTGGCCACACACTA-1,6323_R2,0,low_single_type,1,0,0,,,0
6323_R2_GTGTGGCCACAGTCCG-1,6323_R2,0,low_single_type,1,0,0,,,0
6323_R2_GTGTGGCCAGCTGAGA-1,6323_R2,0,low_single_type,1,0,0,,,0
6323_R2_GTGTGGCGTGACTAAA-1,6323_R2,0,low_single_type,1,0,0,,,0
6323_R2_GTGTGGCTCCACCTCA-1,6323_R2,0,low_single_type,1,0,0,,,0
6323_R2_GTGTGGCTCCCATAGA-1,6323_R2,0,low_single_type,1,0,0,,,0
6323_R2_GTGTTAGCAGTAGTTC-1,6323_R2,0,low_single_type,1,0,0,,,0
6323_R2_GTGTTAGCATGGAATA-1,6323_R2,1,low_single_type,1,1,1,,,1
6323_R2_GTGTTAGGTACTAACC-1,6323_R2,0,low_single_type,1,0,0,,,0
6323_R2_GTGTTAGTCATTTACC-1,6323_R2,0,low_single_type,1,0,0,,,0
6323_R2_GTGTTAGTCCCGATCT-1,6323_R2,0,low_single_type,1,0,0,,,0
6323_R2_GTGTTCCAGATTGTGA-1,6323_R2,0,low_single_type,1,0,0,,,0
6323_R2_GTGTTCCAGCGCCCAT-1,6323_R2,0,low_single_type,1,0,0,,,0
6323_R2_GTGTTCCAGTCATTGC-1,6323_R2,0,low_single_type,1,0,0,,,0
6323_R2_GTGTTCCCAAGAAATC-1,6323_R2,0,low_single_type,1,0,0,,,0
6323_R2_GTGTTCCCAATAAGGT-1,6323_R2,0,low_single_type,1,0,0,,,0
6323_R2_GTGTTCCCACGACGCT-1,6323_R2,0,low_single_type,1,0,0,,,0
6323_R2_GTGTTCCGTAGACTGG-1,6323_R2,0,low_single_type,1,0,0,,,0
6323_R2_GTGTTCCGTATCTCGA-1,6323_R2,0,low_single_type,1,0,0,,,0
6323_R2_GTGTTCCTCTAACGCA-1,6323_R2,0,low_single_type,1,0,0,,,0
6323_R2_GTGTTCCTCTTCTGTA-1,6323_R2,0,low_single_type,1,0,0,,,0
6323_R2_GTTACAGAGGGAGGTG-1,6323_R2,0,low_single_type,1,0,0,,,0
6323_R2_GTTACAGCATTCAGCA-1,6323_R2,0,low_single_type,1,0,0,,,0
6323_R2_GTTACAGTCAGCGCAC-1,6323_R2,0,low_single_type,1,0,0,,,0
6323_R2_GTTACCCAGATGAATC-1,6323_R2,0,low_single_type,1,0,0,,,0
6323_R2_GTTACCCAGGTAATCA-1,6323_R2,0,low_single_type,1,0,0,,,0
6323_R2_GTTACCCCACATATCG-1,6323_R2,0,low_single_type,1,0,0,,,0
6323_R2_GTTACCCCACTAACGT-1,6323_R2,0,low_single_type,1,0,0,,,0
6323_R2_GTTACCCTCCGAAATC-1,6323_R2,0,low_single_type,1,0,0,,,0
6323_R2_GTTACCCTCTAAGCGT-1,6323_R2,0,low_single_type,1,0,0,,,0
6323_R2_GTTACGATCATTACTC-1,6323_R2,0,low_single_type,1,0,0,,,0
6323_R2_GTTAGACAGAATGTTG-1,6323_R2,0,low_single_type,1,0,0,,,0
6323_R2_GTTAGACAGTTGCTCA-1,6323_R2,0,low_single_type,1,0,0,,,0
6323_R2_GTTAGACCAGCTGAAG-1,6323_R2,0,low_single_type,1,0,0,,,0
6323_R2_GTTAGACGTTGCCTAA-1,6323_R2,0,low_single_type,1,0,0,,,0
6323_R2_GTTAGTGAGCGTGTTT-1,6323_R2,0,low_single_type,1,0,0,,,0
6323_R2_GTTAGTGCAAGACTGG-1,6323_R2,0,low_single_type,1,0,0,,,0
6323_R2_GTTAGTGGTGCCGTTG-1,6323_R2,0,low_single_type,1,0,0,,,0
6323_R2_GTTAGTGTCAGAATAG-1,6323_R2,0,low_single_type,1,0,0,,,0
6323_R2_GTTAGTGTCGACGACC-1,6323_R2,0,low_single_type,1,0,0,,,0
6323_R2_GTTATGGAGGGATCGT-1,6323_R2,0,low_single_type,1,0,0,,,0
6323_R2_GTTATGGTCGTGTGGC-1,6323_R2,0,low_single_type,1,0,0,,,0
6323_R2_GTTCATTAGGCTGTAG-1,6323_R2,0,low_single_type,1,0,0,,,0
6323_R2_GTTCCGTAGCTTCATG-1,6323_R2,0,low_single_type,1,0,0,,,0
6323_R2_GTTCCGTCAACCGACC-1,6323_R2,0,low_single_type,1,0,0,,,0
6323_R2_GTTCCGTGTGGAACAC-1,6323_R2,0,low_single_type,1,0,0,,,0
6323_R2_GTTCCGTGTTACGGAG-1,6323_R2,0,low_single_type,1,0,0,,,0
6323_R2_GTTCCGTTCACCTCAC-1,6323_R2,0,low_single_type,1,0,0,,,0
6323_R2_GTTCGCTAGTCGCTAT-1,6323_R2,0,low_single_type,1,0,0,,,0
6323_R2_GTTCGCTAGTTTGAGA-1,6323_R2,0,low_single_type,1,0,0,,,0
6323_R2_GTTCGCTCAACGTTAC-1,6323_R2,0,low_single_type,1,0,0,,,0
6323_R2_GTTCGCTCATTCGGGC-1,6323_R2,1,low_single_type,1,1,1,,,1
6323_R2_GTTCGCTGTTCCCAAA-1,6323_R2,0,low_single_type,1,0,0,,,0
6323_R2_GTTCGCTTCCGATAAC-1,6323_R2,0,low_single_type,1,0,0,,,0
6323_R2_GTTCTATAGGACAGTC-1,6323_R2,0,low_single_type,1,0,0,,,0
6323_R2_GTTCTATTCTCATTTG-1,6323_R2,0,low_single_type,1,0,0,,,0
6323_R2_GTTGAACGTCATCAGT-1,6323_R2,0,low_single_type,1,0,0,,,0
6323_R2_GTTGAACTCGCGCTGA-1,6323_R2,0,low_single_type,1,0,0,,,0
6323_R2_GTTGAACTCGGTGCAC-1,6323_R2,1,low_single_type,1,1,1,,,1
6323_R2_GTTGAACTCTTTCCAA-1,6323_R2,0,low_single_type,1,0,0,,,0
6323_R2_GTTGCGGAGTACGTCT-1,6323_R2,0,low_single_type,1,0,0,,,0
6323_R2_GTTGCGGCACAAACGG-1,6323_R2,0,low_single_type,1,0,0,,,0
6323_R2_GTTGCGGCAGATGCGA-1,6323_R2,0,low_single_type,1,0,0,,,0
6323_R2_GTTGCGGGTAGACACG-1,6323_R2,0,low_single_type,1,0,0,,,0
6323_R2_GTTGCGGGTCAAAGCG-1,6323_R2,0,low_single_type,1,0,0,,,0
6323_R2_GTTGCGGGTCTGTGGC-1,6323_R2,0,low_single_type,1,0,0,,,0
6323_R2_GTTGCGGTCACCATAG-1,6323_R2,0,low_single_type,1,0,0,,,0
6323_R2_GTTGCGGTCATGCCAA-1,6323_R2,0,low_single_type,1,0,0,,,0
6323_R2_GTTGCGGTCCTATTTG-1,6323_R2,0,low_single_type,1,0,0,,,0
6323_R2_GTTGCTCAGCTTAGTC-1,6323_R2,0,low_single_type,1,0,0,,,0
6323_R2_GTTGCTCAGTACAGAT-1,6323_R2,0,low_single_type,1,0,0,,,0
6323_R2_GTTGCTCCATAAGCGG-1,6323_R2,0,low_single_type,1,0,0,,,0
6323_R2_GTTGTAGAGGCCACTC-1,6323_R2,0,low_single_type,1,0,0,,,0
6323_R2_GTTGTAGAGTAACCGG-1,6323_R2,0,low_single_type,1,0,0,,,0
6323_R2_GTTGTAGAGTGTAGTA-1,6323_R2,1,low_single_type,1,1,1,,,1
6323_R2_GTTGTAGCAATCTAGC-1,6323_R2,0,low_single_type,1,0,0,,,0
6323_R2_GTTGTAGCATAAGCGG-1,6323_R2,0,low_single_type,1,0,0,,,0
6323_R2_GTTGTAGGTACGCGTC-1,6323_R2,0,low_single_type,1,0,0,,,0
6323_R2_GTTGTAGGTCTTAGTG-1,6323_R2,0,low_single_type,1,0,0,,,0
6323_R2_GTTGTCCGTACGGGAT-1,6323_R2,0,low_single_type,1,0,0,,,0
6323_R2_GTTGTCCGTTGATCGT-1,6323_R2,0,low_single_type,1,0,0,,,0
6323_R2_GTTGTGAAGGCATGGT-1,6323_R2,0,low_single_type,1,0,0,,,0
6323_R2_GTTGTGACAACCTATG-1,6323_R2,0,low_single_type,1,0,0,,,0
6323_R2_GTTGTGACATCTGCGG-1,6323_R2,0,low_single_type,1,0,0,,,0
6323_R2_GTTTACTCACAGCATT-1,6323_R2,0,low_single_type,1,0,0,,,0
6323_R2_GTTTACTGTCCCAAAT-1,6323_R2,0,low_single_type,1,0,0,,,0
6323_R2_GTTTACTGTCCGTTTC-1,6323_R2,0,low_single_type,1,0,0,,,0
6323_R2_GTTTGGAAGGAAAGAC-1,6323_R2,0,low_single_type,1,0,0,,,0
6323_R2_GTTTGGAAGTCGTTAC-1,6323_R2,0,low_single_type,1,0,0,,,0
6323_R2_GTTTGGACAAGCCTGC-1,6323_R2,0,low_single_type,1,0,0,,,0
6323_R2_GTTTGGACACCCTGAG-1,6323_R2,0,low_single_type,1,0,0,,,0
6323_R2_GTTTGGACAGTAGAGC-1,6323_R2,0,low_single_type,1,0,0,,,0
6323_R2_GTTTGGAGTACTCGCG-1,6323_R2,0,low_single_type,1,0,0,,,0
6323_R2_TAACACGCACACTGGC-1,6323_R2,0,low_single_type,1,0,0,,,0
6323_R2_TAACACGTCGAGAATA-1,6323_R2,0,low_single_type,1,0,0,,,0
6323_R2_TAACCAGCATATGAAG-1,6323_R2,0,low_single_type,1,0,0,,,0
6323_R2_TAACGACCACCTCTGT-1,6323_R2,0,low_single_type,1,0,0,,,0
6323_R2_TAACGACCACTGTTCC-1,6323_R2,0,low_single_type,1,0,0,,,0
6323_R2_TAACGACCAGCCGTTG-1,6323_R2,0,low_single_type,1,0,0,,,0
6323_R2_TAACGACTCAATGCAC-1,6323_R2,0,low_single_type,1,0,0,,,0
6323_R2_TAACTTCCAAAGGAGA-1,6323_R2,0,low_single_type,1,0,0,,,0
6323_R2_TAACTTCCAACCACAT-1,6323_R2,0,low_single_type,1,0,0,,,0
6323_R2_TAACTTCCACCAGACC-1,6323_R2,0,low_single_type,1,0,0,,,0
6323_R2_TAAGCACAGAGTTCGG-1,6323_R2,0,low_single_type,1,0,0,,,0
6323_R2_TAAGCACCACAAAGTA-1,6323_R2,0,low_single_type,1,0,0,,,0
6323_R2_TAAGCACGTACCATAC-1,6323_R2,0,low_single_type,1,0,0,,,0
6323_R2_TAAGCACGTAGACAGC-1,6323_R2,0,low_single_type,1,0,0,,,0
6323_R2_TAAGCACTCGCGTTTC-1,6323_R2,0,low_single_type,1,0,0,,,0
6323_R2_TAAGCCACAGGTGACA-1,6323_R2,0,low_single_type,1,0,0,,,0
6323_R2_TAAGCCACATTGAGCT-1,6323_R2,0,low_single_type,1,0,0,,,0
6323_R2_TAAGCCAGTACGATCT-1,6323_R2,0,low_single_type,1,0,0,,,0
6323_R2_TAAGCCAGTGCATGAG-1,6323_R2,0,low_single_type,1,0,0,,,0
6323_R2_TAAGCCATCTTACGGA-1,6323_R2,0,low_single_type,1,0,0,,,0
6323_R2_TAAGCGTCAGGCATGA-1,6323_R2,0,low_single_type,1,0,0,,,0
6323_R2_TAAGCGTTCAAGCCCG-1,6323_R2,0,low_single_type,1,0,0,,,0
6323_R2_TAAGCGTTCGTTAGTG-1,6323_R2,0,low_single_type,1,0,0,,,0
6323_R2_TAAGCGTTCTTGGCTC-1,6323_R2,0,low_single_type,1,0,0,,,0
6323_R2_TAAGTCGCATGGAATA-1,6323_R2,0,low_single_type,1,0,0,,,0
6323_R2_TAAGTCGCATGTGGCC-1,6323_R2,0,low_single_type,1,0,0,,,0
6323_R2_TAAGTCGGTGAGTCAG-1,6323_R2,0,low_single_type,1,0,0,,,0
6323_R2_TAAGTCGGTTGAAGTA-1,6323_R2,0,low_single_type,1,0,0,,,0
6323_R2_TAATCTCCAATTTCGG-1,6323_R2,0,low_single_type,1,0,0,,,0
6323_R2_TAATCTCCACAATGCT-1,6323_R2,0,low_single_type,1,0,0,,,0
6323_R2_TAATCTCCAGTAGAGC-1,6323_R2,0,low_single_type,1,0,0,,,0
6323_R2_TAATCTCGTTCCATTT-1,6323_R2,0,low_single_type,1,0,0,,,0
6323_R2_TAATCTCTCACTGGGC-1,6323_R2,0,low_single_type,1,0,0,,,0
6323_R2_TAATCTCTCGTACACA-1,6323_R2,0,low_single_type,1,0,0,,,0
6323_R2_TAATTCCGTACGGGAT-1,6323_R2,0,low_single_type,1,0,0,,,0
6323_R2_TAATTCCGTCACTCGG-1,6323_R2,0,low_single_type,1,0,0,,,0
6323_R2_TAATTCCGTGTGGTCC-1,6323_R2,0,low_single_type,1,0,0,,,0
6323_R2_TAATTCCGTGTGTGTT-1,6323_R2,0,low_single_type,1,0,0,,,0
6323_R2_TAATTCCTCGTGCGAC-1,6323_R2,0,low_single_type,1,0,0,,,0
6323_R2_TACAACGCACTACAGT-1,6323_R2,0,low_single_type,1,0,0,,,0
6323_R2_TACACCCAGACCGCCT-1,6323_R2,0,low_single_type,1,0,0,,,0
6323_R2_TACACCCAGGTAAGGA-1,6323_R2,0,low_single_type,1,0,0,,,0
6323_R2_TACACCCAGGTTAAAC-1,6323_R2,0,low_single_type,1,0,0,,,0
6323_R2_TACACCCCACCCATAA-1,6323_R2,0,low_single_type,1,0,0,,,0
6323_R2_TACACCCTCATGACAC-1,6323_R2,0,low_single_type,1,0,0,,,0
6323_R2_TACAGGTAGCGTACAG-1,6323_R2,0,low_single_type,1,0,0,,,0
6323_R2_TACAGGTGTTACACAC-1,6323_R2,0,low_single_type,1,0,0,,,0
6323_R2_TACAGGTTCGTCGCTT-1,6323_R2,0,low_single_type,1,0,0,,,0
6323_R2_TACAGGTTCTGCATGA-1,6323_R2,0,low_single_type,1,0,0,,,0
6323_R2_TACATTCAGACACACG-1,6323_R2,0,low_single_type,1,0,0,,,0
6323_R2_TACATTCTCACTCTTA-1,6323_R2,0,low_single_type,1,0,0,,,0
6323_R2_TACCCACAGCTCCACG-1,6323_R2,0,low_single_type,1,0,0,,,0
6323_R2_TACCCACAGCTGGAGT-1,6323_R2,0,low_single_type,1,0,0,,,0
6323_R2_TACCCACAGGGAGGCA-1,6323_R2,0,low_single_type,1,0,0,,,0
6323_R2_TACCCACAGTTTGTCG-1,6323_R2,0,low_single_type,1,0,0,,,0
6323_R2_TACCCACGTCTTGCTC-1,6323_R2,0,low_single_type,1,0,0,,,0
6323_R2_TACCCGTCAGGTCCCA-1,6323_R2,0,low_single_type,1,0,0,,,0
6323_R2_TACCCGTCATACACCA-1,6323_R2,0,low_single_type,1,0,0,,,0
6323_R2_TACCCGTGTACTAGCT-1,6323_R2,0,low_single_type,1,0,0,,,0
6323_R2_TACCCGTGTATGAAGT-1,6323_R2,0,low_single_type,1,0,0,,,0
6323_R2_TACCCGTGTCCCAAAT-1,6323_R2,0,low_single_type,1,0,0,,,0
6323_R2_TACCCGTGTCCCTGAG-1,6323_R2,0,low_single_type,1,0,0,,,0
6323_R2_TACCGAACAATCTCTT-1,6323_R2,0,low_single_type,1,0,0,,,0
6323_R2_TACCGAAGTGCTCTTC-1,6323_R2,0,low_single_type,1,0,0,,,0
6323_R2_TACCGAATCGTCTACC-1,6323_R2,0,low_single_type,1,0,0,,,0
6323_R2_TACCGGGGTCCAACGC-1,6323_R2,0,low_single_type,1,0,0,,,0
6323_R2_TACCGGGGTCGCGGTT-1,6323_R2,0,low_single_type,1,0,0,,,0
6323_R2_TACCGGGGTCGTTCAA-1,6323_R2,0,low_single_type,1,0,0,,,0
6323_R2_TACCTCGCACTTGTGA-1,6323_R2,0,low_single_type,1,0,0,,,0
6323_R2_TACCTCGCAGCTGTTA-1,6323_R2,0,low_single_type,1,0,0,,,0
6323_R2_TACCTCGCAGTAGAGC-1,6323_R2,0,low_single_type,1,0,0,,,0
6323_R2_TACCTCGGTCGAGCTC-1,6323_R2,0,low_single_type,1,0,0,,,0
6323_R2_TACCTCGTCGAGAACG-1,6323_R2,0,low_single_type,1,0,0,,,0
6323_R2_TACCTCGTCGATGGAG-1,6323_R2,0,low_single_type,1,0,0,,,0
6323_R2_TACCTCGTCGTGCACG-1,6323_R2,0,low_single_type,1,0,0,,,0
6323_R2_TACCTGCCACGAGGAT-1,6323_R2,0,low_single_type,1,0,0,,,0
6323_R2_TACCTGCCACTTTAGG-1,6323_R2,0,low_single_type,1,0,0,,,0
6323_R2_TACCTGCGTCGATTTG-1,6323_R2,0,low_single_type,1,0,0,,,0
6323_R2_TACGGGCAGTAGTCTC-1,6323_R2,0,low_single_type,1,0,0,,,0
6323_R2_TACGGGCCAACCAGAG-1,6323_R2,0,low_single_type,1,0,0,,,0
6323_R2_TACGGGCCAGGACATG-1,6323_R2,0,low_single_type,1,0,0,,,0
6323_R2_TACGGGCGTGCAATGG-1,6323_R2,0,low_single_type,1,0,0,,,0
6323_R2_TACGGTAAGGACTGGT-1,6323_R2,0,low_single_type,1,0,0,,,0
6323_R2_TACGGTACAAGGTCAG-1,6323_R2,0,low_single_type,1,0,0,,,0
6323_R2_TACGGTACAGCACGAA-1,6323_R2,0,low_single_type,1,0,0,,,0
6323_R2_TACGGTACAGTCCGTG-1,6323_R2,0,low_single_type,1,0,0,,,0
6323_R2_TACGGTACATAGAAAC-1,6323_R2,0,low_single_type,1,0,0,,,0
6323_R2_TACGGTATCTATTCGT-1,6323_R2,0,low_single_type,1,0,0,,,0
6323_R2_TACGTCCAGAATACAC-1,6323_R2,0,low_single_type,1,0,0,,,0
6323_R2_TACGTCCAGGCAGGGA-1,6323_R2,0,low_single_type,1,0,0,,,0
6323_R2_TACGTCCAGTAAACGT-1,6323_R2,0,low_single_type,1,0,0,,,0
6323_R2_TACTGCCCATGTGGTT-1,6323_R2,0,low_single_type,1,0,0,,,0
6323_R2_TACTGCCGTACGACTT-1,6323_R2,0,low_single_type,1,0,0,,,0
6323_R2_TACTGCCTCCTACGGG-1,6323_R2,0,low_single_type,1,0,0,,,0
6323_R2_TACTTACCAGGTATGG-1,6323_R2,0,low_single_type,1,0,0,,,0
6323_R2_TACTTCACAGTTGTTG-1,6323_R2,0,low_single_type,1,0,0,,,0
6323_R2_TACTTCACATTCCTAT-1,6323_R2,0,low_single_type,1,0,0,,,0
6323_R2_TACTTCAGTAGCTTTG-1,6323_R2,0,low_single_type,1,0,0,,,0
6323_R2_TACTTCAGTGTCATGT-1,6323_R2,1,low_single_type,1,1,1,,,1
6323_R2_TACTTGTCACGATAGG-1,6323_R2,0,low_single_type,1,0,0,,,0
6323_R2_TACTTGTCAGGATTCT-1,6323_R2,0,low_single_type,1,0,0,,,0
6323_R2_TACTTGTGTAGCGTCC-1,6323_R2,0,low_single_type,1,0,0,,,0
6323_R2_TACTTGTGTAGCGTTT-1,6323_R2,0,low_single_type,1,0,0,,,0
6323_R2_TACTTGTGTCGCTTGG-1,6323_R2,0,low_single_type,1,0,0,,,0
6323_R2_TAGACCACAGTACTAC-1,6323_R2,0,low_single_type,1,0,0,,,0
6323_R2_TAGACCAGTGAGATAT-1,6323_R2,0,low_single_type,1,0,0,,,0
6323_R2_TAGACTGGTAACGGTG-1,6323_R2,0,low_single_type,1,0,0,,,0
6323_R2_TAGACTGGTGACTCTA-1,6323_R2,1,low_single_type,1,1,1,,,1
6323_R2_TAGACTGGTGAGAACC-1,6323_R2,0,low_single_type,1,0,0,,,0
6323_R2_TAGAGTCCATGCGGTC-1,6323_R2,0,low_single_type,1,0,0,,,0
6323_R2_TAGAGTCCATTGCTTT-1,6323_R2,0,low_single_type,1,0,0,,,0
6323_R2_TAGAGTCGTACAAACA-1,6323_R2,0,low_single_type,1,0,0,,,0
6323_R2_TAGAGTCGTCTCAGAT-1,6323_R2,0,low_single_type,1,0,0,,,0
6323_R2_TAGAGTCGTGAAAGTT-1,6323_R2,0,low_single_type,1,0,0,,,0
6323_R2_TAGAGTCTCTGGCCTT-1,6323_R2,0,low_single_type,1,0,0,,,0
6323_R2_TAGATCGAGTCTAGCT-1,6323_R2,0,low_single_type,1,0,0,,,0
6323_R2_TAGATCGGTGTAAACA-1,6323_R2,0,low_single_type,1,0,0,,,0
6323_R2_TAGATCGTCAAGCTGT-1,6323_R2,0,low_single_type,1,0,0,,,0
6323_R2_TAGATCGTCCGGGACT-1,6323_R2,0,low_single_type,1,0,0,,,0
6323_R2_TAGCACACAGGTCAGA-1,6323_R2,0,low_single_type,1,0,0,,,0
6323_R2_TAGCACAGTAGGACTG-1,6323_R2,0,low_single_type,1,0,0,,,0
6323_R2_TAGCACAGTCAGTCCG-1,6323_R2,0,low_single_type,1,0,0,,,0
6323_R2_TAGCACAGTCATATGC-1,6323_R2,0,low_single_type,1,0,0,,,0
6323_R2_TAGCACATCTCGAACA-1,6323_R2,0,low_single_type,1,0,0,,,0
6323_R2_TAGGAGGGTCAAGCGA-1,6323_R2,0,low_single_type,1,0,0,,,0
6323_R2_TAGGAGGGTCGATTTG-1,6323_R2,0,low_single_type,1,0,0,,,0
6323_R2_TAGGAGGGTGGACTGA-1,6323_R2,0,low_single_type,1,0,0,,,0
6323_R2_TAGGAGGTCCGTTGAA-1,6323_R2,0,low_single_type,1,0,0,,,0
6323_R2_TAGGAGGTCGAGTACT-1,6323_R2,0,low_single_type,1,0,0,,,0
6323_R2_TAGGGTTAGCGCGTTC-1,6323_R2,0,low_single_type,1,0,0,,,0
6323_R2_TAGGGTTAGGTAGATT-1,6323_R2,0,low_single_type,1,0,0,,,0
6323_R2_TAGGGTTAGTCAACAA-1,6323_R2,0,low_single_type,1,0,0,,,0
6323_R2_TAGGGTTAGTCGGCCT-1,6323_R2,0,low_single_type,1,0,0,,,0
6323_R2_TAGGGTTCAAGTTCCA-1,6323_R2,0,low_single_type,1,0,0,,,0
6323_R2_TAGGGTTCAGGAATCG-1,6323_R2,0,low_single_type,1,0,0,,,0
6323_R2_TAGGGTTTCATTTGGG-1,6323_R2,0,low_single_type,1,0,0,,,0
6323_R2_TAGGGTTTCTAGCATG-1,6323_R2,0,low_single_type,1,0,0,,,0
6323_R2_TAGGGTTTCTCGGCTT-1,6323_R2,0,low_single_type,1,0,0,,,0
6323_R2_TAGGTACAGATGGTAT-1,6323_R2,0,low_single_type,1,0,0,,,0
6323_R2_TAGGTACAGGATTACA-1,6323_R2,0,low_single_type,1,0,0,,,0
6323_R2_TAGGTACCAGTAGGAC-1,6323_R2,0,low_single_type,1,0,0,,,0
6323_R2_TAGGTACGTCAGTCCG-1,6323_R2,0,low_single_type,1,0,0,,,0
6323_R2_TAGGTACTCGTGGACC-1,6323_R2,1,low_single_type,1,1,1,,,1
6323_R2_TAGGTTGTCGCTTGAA-1,6323_R2,0,low_single_type,1,0,0,,,0
6323_R2_TAGGTTGTCGTGGCTG-1,6323_R2,0,low_single_type,1,0,0,,,0
6323_R2_TAGTGCAAGGAAAGTG-1,6323_R2,0,low_single_type,1,0,0,,,0
6323_R2_TAGTGCAAGGAACGTC-1,6323_R2,0,low_single_type,1,0,0,,,0
6323_R2_TAGTGCAAGTTCGGTT-1,6323_R2,0,low_single_type,1,0,0,,,0
6323_R2_TAGTGCACACAAGGTG-1,6323_R2,0,low_single_type,1,0,0,,,0
6323_R2_TAGTGCACAGTTGCGC-1,6323_R2,0,low_single_type,1,0,0,,,0
6323_R2_TATACCTCACTGTTCC-1,6323_R2,0,low_single_type,1,0,0,,,0
6323_R2_TATACCTGTGATTCAC-1,6323_R2,0,low_single_type,1,0,0,,,0
6323_R2_TATATCCGTTCTAACG-1,6323_R2,0,low_single_type,1,0,0,,,0
6323_R2_TATATCCTCACTGCTC-1,6323_R2,0,low_single_type,1,0,0,,,0
6323_R2_TATATCCTCAGAGTGG-1,6323_R2,0,low_single_type,1,0,0,,,0
6323_R2_TATCAGGAGTAACAGT-1,6323_R2,0,low_single_type,1,0,0,,,0
6323_R2_TATCAGGAGTGGTCAG-1,6323_R2,1,low_single_type,1,1,1,,,1
6323_R2_TATCAGGCACCATAAC-1,6323_R2,0,low_single_type,1,0,0,,,0
6323_R2_TATCCTAAGGTACAAT-1,6323_R2,0,low_single_type,1,0,0,,,0
6323_R2_TATCCTAAGTTGGAGC-1,6323_R2,0,low_single_type,1,0,0,,,0
6323_R2_TATCCTAGTCCCGGTA-1,6323_R2,0,low_single_type,1,0,0,,,0
6323_R2_TATCCTATCGCGGACT-1,6323_R2,0,low_single_type,1,0,0,,,0
6323_R2_TATCCTATCTTAGCAG-1,6323_R2,0,low_single_type,1,0,0,,,0
6323_R2_TATCGCCCATTCACAG-1,6323_R2,0,low_single_type,1,0,0,,,0
6323_R2_TATCGCCGTGACTGAG-1,6323_R2,0,low_single_type,1,0,0,,,0
6323_R2_TATCGCCTCAAAGGTA-1,6323_R2,0,low_single_type,1,0,0,,,0
6323_R2_TATCGCCTCCATGATG-1,6323_R2,0,low_single_type,1,0,0,,,0
6323_R2_TATCGCCTCGCACTCT-1,6323_R2,0,low_single_type,1,0,0,,,0
6323_R2_TATCGCCTCTGGACTA-1,6323_R2,0,low_single_type,1,0,0,,,0
6323_R2_TATCTGTGTAGCCAGA-1,6323_R2,0,low_single_type,1,0,0,,,0
6323_R2_TATCTTGAGTCATCCA-1,6323_R2,0,low_single_type,1,0,0,,,0
6323_R2_TATCTTGCAAGATGTA-1,6323_R2,0,low_single_type,1,0,0,,,0
6323_R2_TATCTTGTCGACATAC-1,6323_R2,0,low_single_type,1,0,0,,,0
6323_R2_TATGTTCAGATACATG-1,6323_R2,0,low_single_type,1,0,0,,,0
6323_R2_TATGTTCAGGGTAATT-1,6323_R2,0,low_single_type,1,0,0,,,0
6323_R2_TATGTTCCAATTCTCT-1,6323_R2,0,low_single_type,1,0,0,,,0
6323_R2_TATGTTCGTAGCTGCC-1,6323_R2,0,low_single_type,1,0,0,,,0
6323_R2_TATGTTCGTATATGGA-1,6323_R2,0,low_single_type,1,0,0,,,0
6323_R2_TATTCCAGTAAGATTG-1,6323_R2,0,low_single_type,1,0,0,,,0
6323_R2_TATTCCAGTTCGGCGT-1,6323_R2,0,low_single_type,1,0,0,,,0
6323_R2_TATTCCAGTTGGCTAT-1,6323_R2,0,low_single_type,1,0,0,,,0
6323_R2_TATTCCATCTGTTGGA-1,6323_R2,0,low_single_type,1,0,0,,,0
6323_R2_TATTGCTAGGAAACGA-1,6323_R2,0,low_single_type,1,0,0,,,0
6323_R2_TATTGCTCAGACCAAG-1,6323_R2,0,low_single_type,1,0,0,,,0
6323_R2_TATTGCTGTAGAGTTA-1,6323_R2,0,low_single_type,1,0,0,,,0
6323_R2_TATTGCTGTCGCCACA-1,6323_R2,0,low_single_type,1,0,0,,,0
6323_R2_TATTGCTGTTAGAGAT-1,6323_R2,0,low_single_type,1,0,0,,,0
6323_R2_TATTGCTTCAATCCGA-1,6323_R2,0,low_single_type,1,0,0,,,0
6323_R2_TATTGCTTCGATTGAC-1,6323_R2,0,low_single_type,1,0,0,,,0
6323_R2_TATTGGGAGGGAACAA-1,6323_R2,0,low_single_type,1,0,0,,,0
6323_R2_TATTGGGAGTAAGGGA-1,6323_R2,0,low_single_type,1,0,0,,,0
6323_R2_TATTGGGAGTTAACGA-1,6323_R2,0,low_single_type,1,0,0,,,0
6323_R2_TATTGGGGTCATGCAT-1,6323_R2,0,low_single_type,1,0,0,,,0
6323_R2_TATTTCGTCTTCTCAA-1,6323_R2,0,low_single_type,1,0,0,,,0
6323_R2_TCAAGACCAGATACCT-1,6323_R2,0,low_single_type,1,0,0,,,0
6323_R2_TCAAGACGTCGAAACG-1,6323_R2,0,low_single_type,1,0,0,,,0
6323_R2_TCAAGACGTCGACGCT-1,6323_R2,1,low_single_type,1,1,1,,,1
6323_R2_TCAAGACTCACTCGAA-1,6323_R2,0,low_single_type,1,0,0,,,0
6323_R2_TCAAGACTCTTCGATT-1,6323_R2,0,low_single_type,1,0,0,,,0
6323_R2_TCAAGCAAGAACCGCA-1,6323_R2,0,low_single_type,1,0,0,,,0
6323_R2_TCAAGCAAGTCACAGG-1,6323_R2,0,low_single_type,1,0,0,,,0
6323_R2_TCAAGCACACTACTTT-1,6323_R2,0,low_single_type,1,0,0,,,0
6323_R2_TCAAGCAGTAGACTGG-1,6323_R2,0,low_single_type,1,0,0,,,0
6323_R2_TCAAGCAGTCTCCCTA-1,6323_R2,0,low_single_type,1,0,0,,,0
6323_R2_TCAAGCATCGCTCTCA-1,6323_R2,0,low_single_type,1,0,0,,,0
6323_R2_TCAAGTGAGCGGATCA-1,6323_R2,0,low_single_type,1,0,0,,,0
6323_R2_TCAAGTGGTCAACACT-1,6323_R2,0,low_single_type,1,0,0,,,0
6323_R2_TCAATCTAGATTGAGT-1,6323_R2,0,low_single_type,1,0,0,,,0
6323_R2_TCAATCTCAGGTGACA-1,6323_R2,0,low_single_type,1,0,0,,,0
6323_R2_TCAATCTGTGATAGAT-1,6323_R2,0,low_single_type,1,0,0,,,0
6323_R2_TCAATTCAGTCTACCA-1,6323_R2,0,low_single_type,1,0,0,,,0
6323_R2_TCAATTCCACAAGCTT-1,6323_R2,0,low_single_type,1,0,0,,,0
6323_R2_TCAATTCCAGGTAGTG-1,6323_R2,0,low_single_type,1,0,0,,,0
6323_R2_TCAATTCTCTCGGGAC-1,6323_R2,0,low_single_type,1,0,0,,,0
6323_R2_TCACAAGAGCAGGTCA-1,6323_R2,0,low_single_type,1,0,0,,,0
6323_R2_TCACAAGCAACTACGT-1,6323_R2,0,low_single_type,1,0,0,,,0
6323_R2_TCACAAGCAATTGAAG-1,6323_R2,0,low_single_type,1,0,0,,,0
6323_R2_TCACAAGTCCGTAGGC-1,6323_R2,0,low_single_type,1,0,0,,,0
6323_R2_TCACAAGTCTAGAACC-1,6323_R2,0,low_single_type,1,0,0,,,0
6323_R2_TCACAAGTCTGTCTCG-1,6323_R2,0,low_single_type,1,0,0,,,0
6323_R2_TCACACCCAGTTAGGG-1,6323_R2,0,low_single_type,1,0,0,,,0
6323_R2_TCACACCGTTGACTGT-1,6323_R2,0,low_single_type,1,0,0,,,0
6323_R2_TCACACCTCACGGGCT-1,6323_R2,0,low_single_type,1,0,0,,,0
6323_R2_TCACACCTCAGACCCG-1,6323_R2,0,low_single_type,1,0,0,,,0
6323_R2_TCACACCTCGACGCTG-1,6323_R2,0,low_single_type,1,0,0,,,0
6323_R2_TCACACCTCGCCTATC-1,6323_R2,0,low_single_type,1,0,0,,,0
6323_R2_TCACACCTCTTAGCAG-1,6323_R2,0,low_single_type,1,0,0,,,0
6323_R2_TCACATTAGTTTGGCT-1,6323_R2,0,low_single_type,1,0,0,,,0
6323_R2_TCACATTCAAAGTATG-1,6323_R2,0,low_single_type,1,0,0,,,0
6323_R2_TCACGCTAGACCTCAT-1,6323_R2,0,low_single_type,1,0,0,,,0
6323_R2_TCACGCTAGCTACAAA-1,6323_R2,0,low_single_type,1,0,0,,,0
6323_R2_TCACGCTCAAATGGCG-1,6323_R2,0,low_single_type,1,0,0,,,0
6323_R2_TCACGCTCACCTATCC-1,6323_R2,0,low_single_type,1,0,0,,,0
6323_R2_TCACGCTTCGGACTGC-1,6323_R2,1,low_single_type,1,1,1,,,1
6323_R2_TCACGGGAGCGACCCT-1,6323_R2,0,low_single_type,1,0,0,,,0
6323_R2_TCACGGGAGCTGACAG-1,6323_R2,0,low_single_type,1,0,0,,,0
6323_R2_TCACGGGCACGGATCC-1,6323_R2,0,low_single_type,1,0,0,,,0
6323_R2_TCACGGGGTAACAAGT-1,6323_R2,0,low_single_type,1,0,0,,,0
6323_R2_TCACGGGGTGAACGGT-1,6323_R2,0,low_single_type,1,0,0,,,0
6323_R2_TCACGGGGTTCAATCG-1,6323_R2,0,low_single_type,1,0,0,,,0
6323_R2_TCACTATAGGTTCATC-1,6323_R2,0,low_single_type,1,0,0,,,0
6323_R2_TCACTATCACATATGC-1,6323_R2,0,low_single_type,1,0,0,,,0
6323_R2_TCACTATCACGGCCAT-1,6323_R2,0,low_single_type,1,0,0,,,0
6323_R2_TCACTATTCATCTCTA-1,6323_R2,0,low_single_type,1,0,0,,,0
6323_R2_TCACTCGCAGGACAGT-1,6323_R2,0,low_single_type,1,0,0,,,0
6323_R2_TCAGCAACACAGAGCA-1,6323_R2,0,low_single_type,1,0,0,,,0
6323_R2_TCAGCAAGTAGTCGGA-1,6323_R2,0,low_single_type,1,0,0,,,0
6323_R2_TCAGCAAGTTTGACAC-1,6323_R2,0,low_single_type,1,0,0,,,0
6323_R2_TCAGCAATCACTGGTA-1,6323_R2,0,low_single_type,1,0,0,,,0
6323_R2_TCAGCCTAGCTGACTT-1,6323_R2,0,low_single_type,1,0,0,,,0
6323_R2_TCAGCCTCAGAGTAAT-1,6323_R2,0,low_single_type,1,0,0,,,0
6323_R2_TCAGGGCAGCCGTTAT-1,6323_R2,0,low_single_type,1,0,0,,,0
6323_R2_TCAGGGCCAACTCGAT-1,6323_R2,0,low_single_type,1,0,0,,,0
6323_R2_TCAGGGCCAGACTGCC-1,6323_R2,0,low_single_type,1,0,0,,,0
6323_R2_TCAGGGCCAGTAACAA-1,6323_R2,0,low_single_type,1,0,0,,,0
6323_R2_TCAGGGCGTCTGTGCG-1,6323_R2,0,low_single_type,1,0,0,,,0
6323_R2_TCAGGGCGTGTCTAAC-1,6323_R2,0,low_single_type,1,0,0,,,0
6323_R2_TCAGGGCTCTGGGAGA-1,6323_R2,0,low_single_type,1,0,0,,,0
6323_R2_TCAGGTAAGCTTACGT-1,6323_R2,0,low_single_type,1,0,0,,,0
6323_R2_TCAGGTAAGGCCACCT-1,6323_R2,0,low_single_type,1,0,0,,,0
6323_R2_TCAGGTAGTCACGACC-1,6323_R2,0,low_single_type,1,0,0,,,0
6323_R2_TCAGGTAGTTCCACGG-1,6323_R2,0,low_single_type,1,0,0,,,0
6323_R2_TCAGTCCCACATTCGA-1,6323_R2,0,low_single_type,1,0,0,,,0
6323_R2_TCAGTCCTCACCTACC-1,6323_R2,0,low_single_type,1,0,0,,,0
6323_R2_TCAGTGAAGATGTAGT-1,6323_R2,0,low_single_type,1,0,0,,,0
6323_R2_TCAGTGATCTGCCTGT-1,6323_R2,0,low_single_type,1,0,0,,,0
6323_R2_TCAGTTTTCGCCTTTG-1,6323_R2,0,low_single_type,1,0,0,,,0
6323_R2_TCAGTTTTCTAACGGT-1,6323_R2,1,low_single_type,1,1,1,,,1
6323_R2_TCATACTAGCAAGCCA-1,6323_R2,0,low_single_type,1,0,0,,,0
6323_R2_TCATACTCAAGGCTTT-1,6323_R2,0,low_single_type,1,0,0,,,0
6323_R2_TCATACTCACTTGGCG-1,6323_R2,0,low_single_type,1,0,0,,,0
6323_R2_TCATATCAGCACTAAA-1,6323_R2,1,low_single_type,1,1,1,,,1
6323_R2_TCATATCCATGTGCTA-1,6323_R2,0,low_single_type,1,0,0,,,0
6323_R2_TCATATCTCGCTAGCG-1,6323_R2,0,low_single_type,1,0,0,,,0
6323_R2_TCATCATTCACAAGAA-1,6323_R2,0,low_single_type,1,0,0,,,0
6323_R2_TCATGAGAGGCGTCCT-1,6323_R2,0,low_single_type,1,0,0,,,0
6323_R2_TCATGAGCAAAGCAAT-1,6323_R2,0,low_single_type,1,0,0,,,0
6323_R2_TCATGAGCACTGTGTA-1,6323_R2,0,low_single_type,1,0,0,,,0
6323_R2_TCATGCCAGCGATGGT-1,6323_R2,0,low_single_type,1,0,0,,,0
6323_R2_TCATGCCAGTCGGCCT-1,6323_R2,0,low_single_type,1,0,0,,,0
6323_R2_TCATGCCCAAGACAAT-1,6323_R2,0,low_single_type,1,0,0,,,0
6323_R2_TCATGCCCAGGCCTGT-1,6323_R2,0,low_single_type,1,0,0,,,0
6323_R2_TCATGCCGTATGATCC-1,6323_R2,0,low_single_type,1,0,0,,,0
6323_R2_TCATGGAAGGACGCAT-1,6323_R2,0,low_single_type,1,0,0,,,0
6323_R2_TCATGGAAGGGACTGT-1,6323_R2,0,low_single_type,1,0,0,,,0
6323_R2_TCATGGAGTCCAAATC-1,6323_R2,0,low_single_type,1,0,0,,,0
6323_R2_TCATGTTAGTGCTACT-1,6323_R2,0,low_single_type,1,0,0,,,0
6323_R2_TCATGTTCACCGCTAG-1,6323_R2,0,low_single_type,1,0,0,,,0
6323_R2_TCATGTTTCGCAACAT-1,6323_R2,0,low_single_type,1,0,0,,,0
6323_R2_TCATGTTTCGTGGACC-1,6323_R2,0,low_single_type,1,0,0,,,0
6323_R2_TCATTACCAGTGACCC-1,6323_R2,0,low_single_type,1,0,0,,,0
6323_R2_TCATTACGTGCATTTG-1,6323_R2,0,low_single_type,1,0,0,,,0
6323_R2_TCATTACGTTAGAGTA-1,6323_R2,0,low_single_type,1,0,0,,,0
6323_R2_TCATTACTCGGCTTCT-1,6323_R2,0,low_single_type,1,0,0,,,0
6323_R2_TCATTCAAGGAGCTGT-1,6323_R2,0,low_single_type,1,0,0,,,0
6323_R2_TCATTCAAGTTAACGA-1,6323_R2,0,low_single_type,1,0,0,,,0
6323_R2_TCATTCAGTATCATGC-1,6323_R2,0,low_single_type,1,0,0,,,0
6323_R2_TCATTCAGTTCGTGCG-1,6323_R2,0,low_single_type,1,0,0,,,0
6323_R2_TCATTCAGTTGCTCCT-1,6323_R2,0,low_single_type,1,0,0,,,0
6323_R2_TCATTGTGTCTTGAAC-1,6323_R2,0,low_single_type,1,0,0,,,0
6323_R2_TCATTGTGTGAGGATC-1,6323_R2,0,low_single_type,1,0,0,,,0
6323_R2_TCATTGTGTGTCTTAG-1,6323_R2,0,low_single_type,1,0,0,,,0
6323_R2_TCATTGTTCCGTTGAA-1,6323_R2,0,low_single_type,1,0,0,,,0
6323_R2_TCATTTGCAGTAGATA-1,6323_R2,0,low_single_type,1,0,0,,,0
6323_R2_TCATTTGCATTCGATG-1,6323_R2,0,low_single_type,1,0,0,,,0
6323_R2_TCATTTGCATTGAAGA-1,6323_R2,0,low_single_type,1,0,0,,,0
6323_R2_TCATTTGGTCACTACA-1,6323_R2,0,low_single_type,1,0,0,,,0
6323_R2_TCATTTGGTCCAGGTC-1,6323_R2,0,low_single_type,1,0,0,,,0
6323_R2_TCATTTGTCGAAGAAT-1,6323_R2,0,low_single_type,1,0,0,,,0
6323_R2_TCCACCAAGAGTGGCT-1,6323_R2,0,low_single_type,1,0,0,,,0
6323_R2_TCCACCACAAATGCTC-1,6323_R2,0,low_single_type,1,0,0,,,0
6323_R2_TCCACCACAGCTGCCA-1,6323_R2,0,low_single_type,1,0,0,,,0
6323_R2_TCCACCAGTCGTCGGT-1,6323_R2,0,low_single_type,1,0,0,,,0
6323_R2_TCCACCAGTTGGGTTT-1,6323_R2,0,low_single_type,1,0,0,,,0
6323_R2_TCCACCATCGAGATGG-1,6323_R2,0,low_single_type,1,0,0,,,0
6323_R2_TCCACCATCGCCTCTA-1,6323_R2,0,low_single_type,1,0,0,,,0
6323_R2_TCCACGTAGGCACAAC-1,6323_R2,0,low_single_type,1,0,0,,,0
6323_R2_TCCACGTAGGGCTTCC-1,6323_R2,0,low_single_type,1,0,0,,,0
6323_R2_TCCACGTCATTGCCGG-1,6323_R2,0,low_single_type,1,0,0,,,0
6323_R2_TCCACGTGTTGCTTGA-1,6323_R2,0,low_single_type,1,0,0,,,0
6323_R2_TCCACGTTCACTTTGT-1,6323_R2,0,low_single_type,1,0,0,,,0
6323_R2_TCCACGTTCCGTGGGT-1,6323_R2,0,low_single_type,1,0,0,,,0
6323_R2_TCCAGAAAGATAGCAT-1,6323_R2,0,low_single_type,1,0,0,,,0
6323_R2_TCCAGAACAGGGAGAG-1,6323_R2,0,low_single_type,1,0,0,,,0
6323_R2_TCCAGAATCGGAAACG-1,6323_R2,0,low_single_type,1,0,0,,,0
6323_R2_TCCATCGAGACTTCCA-1,6323_R2,0,low_single_type,1,0,0,,,0
6323_R2_TCCATCGAGGTATTGA-1,6323_R2,0,low_single_type,1,0,0,,,0
6323_R2_TCCATCGGTCCTTTGC-1,6323_R2,0,low_single_type,1,0,0,,,0
6323_R2_TCCATCGTCAACGAGG-1,6323_R2,0,low_single_type,1,0,0,,,0
6323_R2_TCCATGCAGATCGCTT-1,6323_R2,0,low_single_type,1,0,0,,,0
6323_R2_TCCATGCTCTTTACAC-1,6323_R2,0,low_single_type,1,0,0,,,0
6323_R2_TCCCAGTCACTGCACG-1,6323_R2,0,low_single_type,1,0,0,,,0
6323_R2_TCCCAGTGTTCGGTCG-1,6323_R2,0,low_single_type,1,0,0,,,0
6323_R2_TCCCAGTTCTCCCATG-1,6323_R2,0,low_single_type,1,0,0,,,0
6323_R2_TCCCATGGTGACCGAA-1,6323_R2,0,low_single_type,1,0,0,,,0
6323_R2_TCCCATGTCGCTCTAC-1,6323_R2,0,low_single_type,1,0,0,,,0
6323_R2_TCCGAAAAGATCGACG-1,6323_R2,0,low_single_type,1,0,0,,,0
6323_R2_TCCGAAATCTCTGGTC-1,6323_R2,0,low_single_type,1,0,0,,,0
6323_R2_TCCGATCAGAGGACTC-1,6323_R2,0,low_single_type,1,0,0,,,0
6323_R2_TCCGATCAGCCTCATA-1,6323_R2,0,low_single_type,1,0,0,,,0
6323_R2_TCCGATCAGTTGCATC-1,6323_R2,0,low_single_type,1,0,0,,,0
6323_R2_TCCGGGAAGACAACTA-1,6323_R2,0,low_single_type,1,0,0,,,0
6323_R2_TCCGGGACAGGTTCCG-1,6323_R2,0,low_single_type,1,0,0,,,0
6323_R2_TCCGGGATCCATCTAT-1,6323_R2,0,low_single_type,1,0,0,,,0
6323_R2_TCCGTGTCAGTCAGAG-1,6323_R2,0,low_single_type,1,0,0,,,0
6323_R2_TCCGTGTGTAACACCT-1,6323_R2,0,low_single_type,1,0,0,,,0
6323_R2_TCCGTGTTCGTCCATC-1,6323_R2,0,low_single_type,1,0,0,,,0
6323_R2_TCCTAATAGGACGCAT-1,6323_R2,0,low_single_type,1,0,0,,,0
6323_R2_TCCTAATAGGTGCTTT-1,6323_R2,0,low_single_type,1,0,0,,,0
6323_R2_TCCTAATCAGTGGTGA-1,6323_R2,0,low_single_type,1,0,0,,,0
6323_R2_TCCTAATGTCGATGCC-1,6323_R2,0,low_single_type,1,0,0,,,0
6323_R2_TCCTAATTCTGGTGCG-1,6323_R2,0,low_single_type,1,0,0,,,0
6323_R2_TCCTCCCAGTCGCCAC-1,6323_R2,0,low_single_type,1,0,0,,,0
6323_R2_TCCTCCCAGTTCCTGA-1,6323_R2,0,low_single_type,1,0,0,,,0
6323_R2_TCCTCCCCACGATTCA-1,6323_R2,0,low_single_type,1,0,0,,,0
6323_R2_TCCTCCCGTCTACTGA-1,6323_R2,0,low_single_type,1,0,0,,,0
6323_R2_TCCTCCCGTGAATGTA-1,6323_R2,0,low_single_type,1,0,0,,,0
6323_R2_TCCTCCCGTGTTAGCT-1,6323_R2,0,low_single_type,1,0,0,,,0
6323_R2_TCCTCGAGTCAGGCAA-1,6323_R2,0,low_single_type,1,0,0,,,0
6323_R2_TCCTCGAGTTGGACTT-1,6323_R2,0,low_single_type,1,0,0,,,0
6323_R2_TCCTCGATCAGGACAG-1,6323_R2,0,low_single_type,1,0,0,,,0
6323_R2_TCCTCGATCATACGGT-1,6323_R2,0,low_single_type,1,0,0,,,0
6323_R2_TCCTCTTAGCAAGCCA-1,6323_R2,0,low_single_type,1,0,0,,,0
6323_R2_TCCTCTTAGTCCCAAT-1,6323_R2,0,low_single_type,1,0,0,,,0
6323_R2_TCCTCTTTCGTAATGC-1,6323_R2,0,low_single_type,1,0,0,,,0
6323_R2_TCCTGCAAGCTAGAAT-1,6323_R2,0,low_single_type,1,0,0,,,0
6323_R2_TCCTGCAGTTCGGCTG-1,6323_R2,0,low_single_type,1,0,0,,,0
6323_R2_TCCTGCATCCCTTTGG-1,6323_R2,0,low_single_type,1,0,0,,,0
6323_R2_TCCTGCATCCGTGACG-1,6323_R2,0,low_single_type,1,0,0,,,0
6323_R2_TCCTTCTAGCCGTTAT-1,6323_R2,1,low_single_type,1,1,1,,,1
6323_R2_TCCTTCTGTAACAAGT-1,6323_R2,0,low_single_type,1,0,0,,,0
6323_R2_TCCTTCTTCACTCGAA-1,6323_R2,0,low_single_type,1,0,0,,,0
6323_R2_TCCTTCTTCCGCACGA-1,6323_R2,0,low_single_type,1,0,0,,,0
6323_R2_TCCTTTCAGCATGCAG-1,6323_R2,0,low_single_type,1,0,0,,,0
6323_R2_TCCTTTCAGCCTAGGA-1,6323_R2,0,low_single_type,1,0,0,,,0
6323_R2_TCCTTTCAGGACTAAT-1,6323_R2,0,low_single_type,1,0,0,,,0
6323_R2_TCCTTTCAGGGCAAGG-1,6323_R2,0,low_single_type,1,0,0,,,0
6323_R2_TCCTTTCAGTCACTCA-1,6323_R2,0,low_single_type,1,0,0,,,0
6323_R2_TCCTTTCGTCTGGTTA-1,6323_R2,0,low_single_type,1,0,0,,,0
6323_R2_TCCTTTCGTTCGGCGT-1,6323_R2,0,low_single_type,1,0,0,,,0
6323_R2_TCCTTTCTCATTACCT-1,6323_R2,0,low_single_type,1,0,0,,,0
6323_R2_TCGAACAAGTAGAGTT-1,6323_R2,0,low_single_type,1,0,0,,,0
6323_R2_TCGAACACAAACTAAG-1,6323_R2,0,low_single_type,1,0,0,,,0
6323_R2_TCGAACACAGGTTCCG-1,6323_R2,0,low_single_type,1,0,0,,,0
6323_R2_TCGAACATCACGAACT-1,6323_R2,0,low_single_type,1,0,0,,,0
6323_R2_TCGAAGTAGACAAGCC-1,6323_R2,0,low_single_type,1,0,0,,,0
6323_R2_TCGAAGTAGGAACGTC-1,6323_R2,0,low_single_type,1,0,0,,,0
6323_R2_TCGAAGTAGGAGGTTC-1,6323_R2,0,low_single_type,1,0,0,,,0
6323_R2_TCGAAGTGTGAGTAAT-1,6323_R2,0,low_single_type,1,0,0,,,0
6323_R2_TCGAAGTTCCATTGTT-1,6323_R2,0,low_single_type,1,0,0,,,0
6323_R2_TCGACCTAGACATAAC-1,6323_R2,0,low_single_type,1,0,0,,,0
6323_R2_TCGACCTGTTACGATC-1,6323_R2,0,low_single_type,1,0,0,,,0
6323_R2_TCGACCTTCATGAGTC-1,6323_R2,0,low_single_type,1,0,0,,,0
6323_R2_TCGACGGAGGTGAGAA-1,6323_R2,0,low_single_type,1,0,0,,,0
6323_R2_TCGACGGAGTAGGCCA-1,6323_R2,0,low_single_type,1,0,0,,,0
6323_R2_TCGACGGGTACTGGGA-1,6323_R2,0,low_single_type,1,0,0,,,0
6323_R2_TCGACGGTCCCTCTAG-1,6323_R2,0,low_single_type,1,0,0,,,0
6323_R2_TCGACGGTCCTGTTAT-1,6323_R2,0,low_single_type,1,0,0,,,0
6323_R2_TCGACGGTCGCCTTTG-1,6323_R2,0,low_single_type,1,0,0,,,0
6323_R2_TCGATTTAGAACCCGA-1,6323_R2,0,low_single_type,1,0,0,,,0
6323_R2_TCGATTTAGGCTAAAT-1,6323_R2,0,low_single_type,1,0,0,,,0
6323_R2_TCGATTTCAATGCTCA-1,6323_R2,0,low_single_type,1,0,0,,,0
6323_R2_TCGATTTCACACGGAA-1,6323_R2,0,low_single_type,1,0,0,,,0
6323_R2_TCGATTTCACCTGCAG-1,6323_R2,0,low_single_type,1,0,0,,,0
6323_R2_TCGATTTCAGGTATGG-1,6323_R2,0,low_single_type,1,0,0,,,0
6323_R2_TCGATTTTCCTGGGAC-1,6323_R2,1,low_single_type,1,1,1,,,1
6323_R2_TCGATTTTCGGTAGGA-1,6323_R2,0,low_single_type,1,0,0,,,0
6323_R2_TCGATTTTCTCCACTG-1,6323_R2,0,low_single_type,1,0,0,,,0
6323_R2_TCGATTTTCTCTGACC-1,6323_R2,0,low_single_type,1,0,0,,,0
6323_R2_TCGCACTTCTACGCAA-1,6323_R2,0,low_single_type,1,0,0,,,0
6323_R2_TCGCAGGAGTTGAAGT-1,6323_R2,0,low_single_type,1,0,0,,,0
6323_R2_TCGCAGGGTGATGTAA-1,6323_R2,0,low_single_type,1,0,0,,,0
6323_R2_TCGCTCAAGCGTGCTC-1,6323_R2,1,low_single_type,1,1,1,,,1
6323_R2_TCGCTCACACTACCCT-1,6323_R2,0,low_single_type,1,0,0,,,0
6323_R2_TCGCTCAGTTATCTTC-1,6323_R2,0,low_single_type,1,0,0,,,0
6323_R2_TCGCTTGCAAGGTCAG-1,6323_R2,0,low_single_type,1,0,0,,,0
6323_R2_TCGCTTGCAGGCCTGT-1,6323_R2,0,low_single_type,1,0,0,,,0
6323_R2_TCGGATAAGACGACGT-1,6323_R2,0,low_single_type,1,0,0,,,0
6323_R2_TCGGATACAACGGTAG-1,6323_R2,0,low_single_type,1,0,0,,,0
6323_R2_TCGGATACATCCCGTT-1,6323_R2,0,low_single_type,1,0,0,,,0
6323_R2_TCGGATAGTTCTTCAT-1,6323_R2,0,low_single_type,1,0,0,,,0
6323_R2_TCGGGACAGGAGGGTG-1,6323_R2,0,low_single_type,1,0,0,,,0
6323_R2_TCGGGACCATACTGTG-1,6323_R2,0,low_single_type,1,0,0,,,0
6323_R2_TCGGGACCATGTGGCC-1,6323_R2,0,low_single_type,1,0,0,,,0
6323_R2_TCGGGACTCGCCGATG-1,6323_R2,0,low_single_type,1,0,0,,,0
6323_R2_TCGGGACTCTACTATC-1,6323_R2,1,low_single_type,1,1,1,,,1
6323_R2_TCGGGTGCAGAAATTG-1,6323_R2,0,low_single_type,1,0,0,,,0
6323_R2_TCGGGTGGTCATTGCA-1,6323_R2,0,low_single_type,1,0,0,,,0
6323_R2_TCGGGTGTCAACTTTC-1,6323_R2,0,low_single_type,1,0,0,,,0
6323_R2_TCGGGTGTCAGGAAAT-1,6323_R2,0,low_single_type,1,0,0,,,0
6323_R2_TCGGGTGTCCACCCTA-1,6323_R2,0,low_single_type,1,0,0,,,0
6323_R2_TCGGGTGTCGGTCTAA-1,6323_R2,0,low_single_type,1,0,0,,,0
6323_R2_TCGGGTGTCGTGCACG-1,6323_R2,0,low_single_type,1,0,0,,,0
6323_R2_TCGGTCTGTGGAGGTT-1,6323_R2,0,low_single_type,1,0,0,,,0
6323_R2_TCGGTCTTCGCCGTGA-1,6323_R2,0,low_single_type,1,0,0,,,0
6323_R2_TCGGTCTTCGGTCTGG-1,6323_R2,0,low_single_type,1,0,0,,,0
6323_R2_TCGGTCTTCTGAATGC-1,6323_R2,0,low_single_type,1,0,0,,,0
6323_R2_TCGTAGAAGAAGCTCG-1,6323_R2,0,low_single_type,1,0,0,,,0
6323_R2_TCGTAGAAGATGAAGG-1,6323_R2,0,low_single_type,1,0,0,,,0
6323_R2_TCGTAGATCGCTACAA-1,6323_R2,1,low_single_type,1,1,1,,,1
6323_R2_TCGTCCACACGCCAGT-1,6323_R2,0,low_single_type,1,0,0,,,0
6323_R2_TCGTCCAGTGAATGTA-1,6323_R2,0,low_single_type,1,0,0,,,0
6323_R2_TCGTCCAGTGCGAGTA-1,6323_R2,0,low_single_type,1,0,0,,,0
6323_R2_TCGTCCAGTTCAAGGG-1,6323_R2,0,low_single_type,1,0,0,,,0
6323_R2_TCGTCCATCAGGTGTT-1,6323_R2,0,low_single_type,1,0,0,,,0
6323_R2_TCGTCCATCCCAGGCA-1,6323_R2,0,low_single_type,1,0,0,,,0
6323_R2_TCGTCCATCGTGAGAG-1,6323_R2,0,low_single_type,1,0,0,,,0
6323_R2_TCGTCCATCTAGTACG-1,6323_R2,0,low_single_type,1,0,0,,,0
6323_R2_TCGTGCTTCAGGCGAA-1,6323_R2,0,low_single_type,1,0,0,,,0
6323_R2_TCGTGCTTCCACATAG-1,6323_R2,0,low_single_type,1,0,0,,,0
6323_R2_TCGTGCTTCTCTGGTC-1,6323_R2,0,low_single_type,1,0,0,,,0
6323_R2_TCGTGGGAGAGAACCC-1,6323_R2,0,low_single_type,1,0,0,,,0
6323_R2_TCGTGGGGTCTAACGT-1,6323_R2,0,low_single_type,1,0,0,,,0
6323_R2_TCGTGGGTCCTGGGTG-1,6323_R2,0,low_single_type,1,0,0,,,0
6323_R2_TCGTGGGTCTCGTCAC-1,6323_R2,0,low_single_type,1,0,0,,,0
6323_R2_TCTAACTCAACGGTAG-1,6323_R2,0,low_single_type,1,0,0,,,0
6323_R2_TCTAACTCAATGAGCG-1,6323_R2,0,low_single_type,1,0,0,,,0
6323_R2_TCTAACTCAGTCAGTT-1,6323_R2,0,low_single_type,1,0,0,,,0
6323_R2_TCTAACTGTATCACCA-1,6323_R2,0,low_single_type,1,0,0,,,0
6323_R2_TCTAACTTCATTTCGT-1,6323_R2,0,low_single_type,1,0,0,,,0
6323_R2_TCTAACTTCGACTCCT-1,6323_R2,0,low_single_type,1,0,0,,,0
6323_R2_TCTACATAGTATTAGG-1,6323_R2,1,low_single_type,1,1,1,,,1
6323_R2_TCTACATGTCAAAGCG-1,6323_R2,0,low_single_type,1,0,0,,,0
6323_R2_TCTACCGAGTGGATTA-1,6323_R2,0,low_single_type,1,0,0,,,0
6323_R2_TCTACCGCACTACCCT-1,6323_R2,1,low_single_type,1,1,1,,,1
6323_R2_TCTACCGCATGGTACT-1,6323_R2,0,low_single_type,1,0,0,,,0
6323_R2_TCTACCGGTAGCGATG-1,6323_R2,0,low_single_type,1,0,0,,,0
6323_R2_TCTACCGGTGCTCTCT-1,6323_R2,0,low_single_type,1,0,0,,,0
6323_R2_TCTACCGGTGGTCTCG-1,6323_R2,0,low_single_type,1,0,0,,,0
6323_R2_TCTACCGGTTAGGCCC-1,6323_R2,0,low_single_type,1,0,0,,,0
6323_R2_TCTACCGTCCATGAGT-1,6323_R2,1,low_single_type,1,1,1,,,1
6323_R2_TCTATACAGCTCCGAC-1,6323_R2,0,low_single_type,1,0,0,,,0
6323_R2_TCTATACCAGAACTCT-1,6323_R2,0,low_single_type,1,0,0,,,0
6323_R2_TCTATACCAGCTGTAT-1,6323_R2,0,low_single_type,1,0,0,,,0
6323_R2_TCTATACGTACTCGAT-1,6323_R2,0,low_single_type,1,0,0,,,0
6323_R2_TCTATACGTCATCCGG-1,6323_R2,1,low_single_type,1,1,1,,,1
6323_R2_TCTATACGTTCCACGG-1,6323_R2,0,low_single_type,1,0,0,,,0
6323_R2_TCTATACTCGTTGTGA-1,6323_R2,0,low_single_type,1,0,0,,,0
6323_R2_TCTATCATCAAATGAG-1,6323_R2,0,low_single_type,1,0,0,,,0
6323_R2_TCTATCATCATGCCAA-1,6323_R2,0,low_single_type,1,0,0,,,0
6323_R2_TCTATCATCCGTATGA-1,6323_R2,0,low_single_type,1,0,0,,,0
6323_R2_TCTATCATCCTAGCTC-1,6323_R2,0,low_single_type,1,0,0,,,0
6323_R2_TCTATCATCTAGTACG-1,6323_R2,0,low_single_type,1,0,0,,,0
6323_R2_TCTATCATCTGCAGCG-1,6323_R2,0,low_single_type,1,0,0,,,0
6323_R2_TCTATCATCTTGGAAC-1,6323_R2,0,low_single_type,1,0,0,,,0
6323_R2_TCTCACGTCAAACGAA-1,6323_R2,0,low_single_type,1,0,0,,,0
6323_R2_TCTCACGTCGGTGTTA-1,6323_R2,0,low_single_type,1,0,0,,,0
6323_R2_TCTCAGCCACAGCCAC-1,6323_R2,0,low_single_type,1,0,0,,,0
6323_R2_TCTCAGCGTATCCCAA-1,6323_R2,0,low_single_type,1,0,0,,,0
6323_R2_TCTCAGCTCCTCTAGC-1,6323_R2,0,low_single_type,1,0,0,,,0
6323_R2_TCTCCGAAGCAAATGT-1,6323_R2,0,low_single_type,1,0,0,,,0
6323_R2_TCTCCGAAGGTGCAGT-1,6323_R2,0,low_single_type,1,0,0,,,0
6323_R2_TCTCCGAGTGGGTTGA-1,6323_R2,0,low_single_type,1,0,0,,,0
6323_R2_TCTCCGATCATGGGAG-1,6323_R2,0,low_single_type,1,0,0,,,0
6323_R2_TCTCTGGAGGTGCTGA-1,6323_R2,0,low_single_type,1,0,0,,,0
6323_R2_TCTGCCAGTAGCGTCC-1,6323_R2,0,low_single_type,1,0,0,,,0
6323_R2_TCTGCCAGTGCGGCTT-1,6323_R2,0,low_single_type,1,0,0,,,0
6323_R2_TCTGGCTGTTTGAAAG-1,6323_R2,0,low_single_type,1,0,0,,,0
6323_R2_TCTGGCTTCCATGATG-1,6323_R2,0,low_single_type,1,0,0,,,0
6323_R2_TCTGGCTTCCTGGTCT-1,6323_R2,0,low_single_type,1,0,0,,,0
6323_R2_TCTGTCGAGACACACG-1,6323_R2,0,low_single_type,1,0,0,,,0
6323_R2_TCTGTCGAGATCCAAA-1,6323_R2,0,low_single_type,1,0,0,,,0
6323_R2_TCTGTCGAGCTCGGCT-1,6323_R2,0,low_single_type,1,0,0,,,0
6323_R2_TCTGTCGAGTCATGGG-1,6323_R2,0,low_single_type,1,0,0,,,0
6323_R2_TCTGTCGCATAAGCGG-1,6323_R2,0,low_single_type,1,0,0,,,0
6323_R2_TCTGTCGGTTGCATGT-1,6323_R2,0,low_single_type,1,0,0,,,0
6323_R2_TCTTAGTAGCGCCTAC-1,6323_R2,0,low_single_type,1,0,0,,,0
6323_R2_TCTTAGTAGGCATTTC-1,6323_R2,0,low_single_type,1,0,0,,,0
6323_R2_TCTTAGTCACGTATAC-1,6323_R2,0,low_single_type,1,0,0,,,0
6323_R2_TCTTAGTCAGCCCAGT-1,6323_R2,0,low_single_type,1,0,0,,,0
6323_R2_TCTTAGTCAGGTCAGA-1,6323_R2,0,low_single_type,1,0,0,,,0
6323_R2_TCTTAGTGTCGGTGTC-1,6323_R2,0,low_single_type,1,0,0,,,0
6323_R2_TCTTAGTGTTCAATCG-1,6323_R2,0,low_single_type,1,0,0,,,0
6323_R2_TCTTCCTGTATAATGG-1,6323_R2,0,low_single_type,1,0,0,,,0
6323_R2_TCTTGCGTCCGTAGTA-1,6323_R2,0,low_single_type,1,0,0,,,0
6323_R2_TCTTTGAGTCTCGGAC-1,6323_R2,0,low_single_type,1,0,0,,,0
6323_R2_TCTTTGATCACATACG-1,6323_R2,0,low_single_type,1,0,0,,,0
6323_R2_TGAACGTAGGCGATAC-1,6323_R2,0,low_single_type,1,0,0,,,0
6323_R2_TGAACGTAGGTTGGAC-1,6323_R2,0,low_single_type,1,0,0,,,0
6323_R2_TGAACGTCAGTGTATC-1,6323_R2,0,low_single_type,1,0,0,,,0
6323_R2_TGAACGTGTACAAACA-1,6323_R2,0,low_single_type,1,0,0,,,0
6323_R2_TGAACGTTCCTAGCGG-1,6323_R2,0,low_single_type,1,0,0,,,0
6323_R2_TGAATCGAGCAGTACG-1,6323_R2,0,low_single_type,1,0,0,,,0
6323_R2_TGAATCGAGCTACAAA-1,6323_R2,0,low_single_type,1,0,0,,,0
6323_R2_TGAATCGCAAATGAGT-1,6323_R2,0,low_single_type,1,0,0,,,0
6323_R2_TGAATCGTCTGCTTTA-1,6323_R2,0,low_single_type,1,0,0,,,0
6323_R2_TGAATGCGTACAGAAT-1,6323_R2,0,low_single_type,1,0,0,,,0
6323_R2_TGAATGCGTTGACGGA-1,6323_R2,0,low_single_type,1,0,0,,,0
6323_R2_TGACAGTAGAAGCCTG-1,6323_R2,0,low_single_type,1,0,0,,,0
6323_R2_TGACAGTAGCACCCAC-1,6323_R2,0,low_single_type,1,0,0,,,0
6323_R2_TGACAGTCAGAAATTG-1,6323_R2,0,low_single_type,1,0,0,,,0
6323_R2_TGACAGTCAGCCTTCT-1,6323_R2,0,low_single_type,1,0,0,,,0
6323_R2_TGACAGTGTAAGCTCT-1,6323_R2,0,low_single_type,1,0,0,,,0
6323_R2_TGACAGTGTCACTTAG-1,6323_R2,0,low_single_type,1,0,0,,,0
6323_R2_TGACCCTCATATGGCT-1,6323_R2,0,low_single_type,1,0,0,,,0
6323_R2_TGACCCTGTCATCCCT-1,6323_R2,0,low_single_type,1,0,0,,,0
6323_R2_TGACCCTGTTAGGGAC-1,6323_R2,0,low_single_type,1,0,0,,,0
6323_R2_TGACCCTTCTTGGATG-1,6323_R2,0,low_single_type,1,0,0,,,0
6323_R2_TGACGCGCAAGTGTCT-1,6323_R2,0,low_single_type,1,0,0,,,0
6323_R2_TGACGCGCACTAGGCC-1,6323_R2,0,low_single_type,1,0,0,,,0
6323_R2_TGACGCGGTGTAGGAC-1,6323_R2,0,low_single_type,1,0,0,,,0
6323_R2_TGACGCGTCTTCACAT-1,6323_R2,0,low_single_type,1,0,0,,,0
6323_R2_TGACTCCAGGGCTGAT-1,6323_R2,0,low_single_type,1,0,0,,,0
6323_R2_TGACTCCGTTATGACC-1,6323_R2,0,low_single_type,1,0,0,,,0
6323_R2_TGAGACTCACTGAGTT-1,6323_R2,0,low_single_type,1,0,0,,,0
6323_R2_TGAGACTCAGAACTCT-1,6323_R2,0,low_single_type,1,0,0,,,0
6323_R2_TGAGACTCAGGTTCCG-1,6323_R2,0,low_single_type,1,0,0,,,0
6323_R2_TGAGACTCATATCTCT-1,6323_R2,0,low_single_type,1,0,0,,,0
6323_R2_TGAGACTCATGAGAAT-1,6323_R2,0,low_single_type,1,0,0,,,0
6323_R2_TGAGACTGTCACTTCC-1,6323_R2,0,low_single_type,1,0,0,,,0
6323_R2_TGAGACTGTCCGGTGT-1,6323_R2,0,low_single_type,1,0,0,,,0
6323_R2_TGAGACTGTTCAGGTT-1,6323_R2,0,low_single_type,1,0,0,,,0
6323_R2_TGAGACTTCGGTAGGA-1,6323_R2,0,low_single_type,1,0,0,,,0
6323_R2_TGAGCATGTCCTGAAT-1,6323_R2,0,low_single_type,1,0,0,,,0
6323_R2_TGAGCATTCTAGTCAG-1,6323_R2,0,low_single_type,1,0,0,,,0
6323_R2_TGAGCGCAGAGGACTC-1,6323_R2,0,low_single_type,1,0,0,,,0
6323_R2_TGAGCGCCAATCCTAG-1,6323_R2,0,low_single_type,1,0,0,,,0
6323_R2_TGAGCGCCACTGATTG-1,6323_R2,0,low_single_type,1,0,0,,,0
6323_R2_TGAGCGCTCCAGTACA-1,6323_R2,0,low_single_type,1,0,0,,,0
6323_R2_TGAGGAGAGATAGTCA-1,6323_R2,0,low_single_type,1,0,0,,,0
6323_R2_TGAGGAGGTCCTTGTC-1,6323_R2,0,low_single_type,1,0,0,,,0
6323_R2_TGAGGGACAGTGTGCC-1,6323_R2,0,low_single_type,1,0,0,,,0
6323_R2_TGAGGGATCTTCGGAA-1,6323_R2,0,low_single_type,1,0,0,,,0
6323_R2_TGAGGTTGTATGATCC-1,6323_R2,0,low_single_type,1,0,0,,,0
6323_R2_TGAGGTTTCCCAGGAC-1,6323_R2,0,low_single_type,1,0,0,,,0
6323_R2_TGAGTCAAGGAGTACC-1,6323_R2,0,low_single_type,1,0,0,,,0
6323_R2_TGAGTCACACAGTGAG-1,6323_R2,0,low_single_type,1,0,0,,,0
6323_R2_TGAGTCATCACTTTGT-1,6323_R2,0,low_single_type,1,0,0,,,0
6323_R2_TGAGTCATCTAGTGTG-1,6323_R2,0,low_single_type,1,0,0,,,0
6323_R2_TGATCAGAGCTTGTTG-1,6323_R2,0,low_single_type,1,0,0,,,0
6323_R2_TGATCAGGTGAAGCGT-1,6323_R2,0,low_single_type,1,0,0,,,0
6323_R2_TGATCAGTCGTAGGAG-1,6323_R2,0,low_single_type,1,0,0,,,0
6323_R2_TGATCAGTCTCTGAGA-1,6323_R2,0,low_single_type,1,0,0,,,0
6323_R2_TGATCTTGTAAGGCTG-1,6323_R2,1,low_single_type,1,1,1,,,1
6323_R2_TGATCTTGTTACCTTT-1,6323_R2,0,low_single_type,1,0,0,,,0
6323_R2_TGATGCAAGCCACCGT-1,6323_R2,0,low_single_type,1,0,0,,,0
6323_R2_TGATGGTCAGCCCAGT-1,6323_R2,0,low_single_type,1,0,0,,,0
6323_R2_TGATGGTGTAATACCC-1,6323_R2,0,low_single_type,1,0,0,,,0
6323_R2_TGATTCTAGACGCTCC-1,6323_R2,1,low_single_type,1,1,1,,,1
6323_R2_TGATTCTAGGCCCACT-1,6323_R2,0,low_single_type,1,0,0,,,0
6323_R2_TGATTCTCACCACTGG-1,6323_R2,0,low_single_type,1,0,0,,,0
6323_R2_TGATTCTGTCAACCAT-1,6323_R2,0,low_single_type,1,0,0,,,0
6323_R2_TGATTTCAGGACTAAT-1,6323_R2,0,low_single_type,1,0,0,,,0
6323_R2_TGATTTCAGTCCTACA-1,6323_R2,0,low_single_type,1,0,0,,,0
6323_R2_TGATTTCGTACCTAGT-1,6323_R2,0,low_single_type,1,0,0,,,0
6323_R2_TGATTTCGTGGCAGAT-1,6323_R2,1,low_single_type,1,1,1,,,1
6323_R2_TGCACGGCAGAGCCCT-1,6323_R2,0,low_single_type,1,0,0,,,0
6323_R2_TGCACGGGTGATGAAT-1,6323_R2,0,low_single_type,1,0,0,,,0
6323_R2_TGCAGATAGAAGCGGG-1,6323_R2,1,low_single_type,1,1,1,,,1
6323_R2_TGCAGATGTCCTGTCT-1,6323_R2,0,low_single_type,1,0,0,,,0
6323_R2_TGCAGATGTGTGTCGC-1,6323_R2,0,low_single_type,1,0,0,,,0
6323_R2_TGCAGATGTTCAGGTT-1,6323_R2,0,low_single_type,1,0,0,,,0
6323_R2_TGCAGATTCAGGAACG-1,6323_R2,0,low_single_type,1,0,0,,,0
6323_R2_TGCAGATTCGAAATCC-1,6323_R2,0,low_single_type,1,0,0,,,0
6323_R2_TGCAGGCAGCTAATGA-1,6323_R2,1,low_single_type,1,1,1,,,1
6323_R2_TGCAGGCGTATCTCTT-1,6323_R2,0,low_single_type,1,0,0,,,0
6323_R2_TGCAGTAAGGTCACTT-1,6323_R2,0,low_single_type,1,0,0,,,0
6323_R2_TGCAGTACAGGCTCTG-1,6323_R2,0,low_single_type,1,0,0,,,0
6323_R2_TGCAGTATCAAGCCGC-1,6323_R2,1,low_single_type,1,1,1,,,1
6323_R2_TGCATCCAGAATAACC-1,6323_R2,0,low_single_type,1,0,0,,,0
6323_R2_TGCATCCCAGGTGTGA-1,6323_R2,0,low_single_type,1,0,0,,,0
6323_R2_TGCATCCGTACCCACG-1,6323_R2,0,low_single_type,1,0,0,,,0
6323_R2_TGCATCCGTCACCGAC-1,6323_R2,0,low_single_type,1,0,0,,,0
6323_R2_TGCATCCTCGTAATGC-1,6323_R2,0,low_single_type,1,0,0,,,0
6323_R2_TGCCGAGGTCCACGCA-1,6323_R2,0,low_single_type,1,0,0,,,0
6323_R2_TGCCGAGGTTTGGAGG-1,6323_R2,0,low_single_type,1,0,0,,,0
6323_R2_TGCGACGCACATTCGA-1,6323_R2,0,low_single_type,1,0,0,,,0
6323_R2_TGCGATAAGACCTCCG-1,6323_R2,0,low_single_type,1,0,0,,,0
6323_R2_TGCGATAGTCTATGAC-1,6323_R2,0,low_single_type,1,0,0,,,0
6323_R2_TGCGATATCCGATGTA-1,6323_R2,0,low_single_type,1,0,0,,,0
6323_R2_TGCGATATCTACTGAG-1,6323_R2,0,low_single_type,1,0,0,,,0
6323_R2_TGCGGCAGTATGATCC-1,6323_R2,0,low_single_type,1,0,0,,,0
6323_R2_TGCGGCAGTGGGAGAG-1,6323_R2,0,low_single_type,1,0,0,,,0
6323_R2_TGCGGCATCCAACCGG-1,6323_R2,0,low_single_type,1,0,0,,,0
6323_R2_TGCGGGTAGAAACACT-1,6323_R2,0,low_single_type,1,0,0,,,0
6323_R2_TGCGGGTGTAACACCT-1,6323_R2,1,low_single_type,1,1,1,,,1
6323_R2_TGCTCCACACGACGAA-1,6323_R2,0,low_single_type,1,0,0,,,0
6323_R2_TGCTCGTAGTCAATCC-1,6323_R2,0,low_single_type,1,0,0,,,0
6323_R2_TGCTCGTAGTTGCCCG-1,6323_R2,0,low_single_type,1,0,0,,,0
6323_R2_TGCTCGTCAAATTGCC-1,6323_R2,0,low_single_type,1,0,0,,,0
6323_R2_TGCTCGTCACAACATC-1,6323_R2,0,low_single_type,1,0,0,,,0
6323_R2_TGCTCGTGTGACACAG-1,6323_R2,0,low_single_type,1,0,0,,,0
6323_R2_TGCTGAAGTAGTCGTT-1,6323_R2,0,low_single_type,1,0,0,,,0
6323_R2_TGCTGAAGTGGATTTC-1,6323_R2,0,low_single_type,1,0,0,,,0
6323_R2_TGCTGAATCATGCGGC-1,6323_R2,0,low_single_type,1,0,0,,,0
6323_R2_TGCTTCGAGGTGATAT-1,6323_R2,0,low_single_type,1,0,0,,,0
6323_R2_TGCTTGCCAAATTGCC-1,6323_R2,0,low_single_type,1,0,0,,,0
6323_R2_TGCTTGCCAACTGGTT-1,6323_R2,0,low_single_type,1,0,0,,,0
6323_R2_TGCTTGCGTTGCATTG-1,6323_R2,0,low_single_type,1,0,0,,,0
6323_R2_TGCTTGCTCCATTGCC-1,6323_R2,0,low_single_type,1,0,0,,,0
6323_R2_TGGAACTAGGATGGCT-1,6323_R2,0,low_single_type,1,0,0,,,0
6323_R2_TGGAACTCAAGGCAAC-1,6323_R2,0,low_single_type,1,0,0,,,0
6323_R2_TGGAACTCAGCTATTG-1,6323_R2,0,low_single_type,1,0,0,,,0
6323_R2_TGGAACTGTATACCTG-1,6323_R2,0,low_single_type,1,0,0,,,0
6323_R2_TGGAACTGTTTGTTCT-1,6323_R2,0,low_single_type,1,0,0,,,0
6323_R2_TGGAACTTCTTTGCAT-1,6323_R2,0,low_single_type,1,0,0,,,0
6323_R2_TGGAGAGAGAAGAGCA-1,6323_R2,0,low_single_type,1,0,0,,,0
6323_R2_TGGAGAGAGCATTGTC-1,6323_R2,0,low_single_type,1,0,0,,,0
6323_R2_TGGAGAGCAAACCACT-1,6323_R2,0,low_single_type,1,0,0,,,0
6323_R2_TGGAGGAGTCTAATCG-1,6323_R2,0,low_single_type,1,0,0,,,0
6323_R2_TGGATCAAGTTGAAGT-1,6323_R2,0,low_single_type,1,0,0,,,0
6323_R2_TGGATCAGTATGGTAA-1,6323_R2,0,low_single_type,1,0,0,,,0
6323_R2_TGGATCAGTGTCCACG-1,6323_R2,0,low_single_type,1,0,0,,,0
6323_R2_TGGATCATCCGTGACG-1,6323_R2,0,low_single_type,1,0,0,,,0
6323_R2_TGGATGTTCATTCCTA-1,6323_R2,0,low_single_type,1,0,0,,,0
6323_R2_TGGATGTTCTCTGGTC-1,6323_R2,0,low_single_type,1,0,0,,,0
6323_R2_TGGCGTGAGAGCTGAC-1,6323_R2,0,low_single_type,1,0,0,,,0
6323_R2_TGGCGTGAGCATGTTC-1,6323_R2,0,low_single_type,1,0,0,,,0
6323_R2_TGGCGTGTCTGTGCTC-1,6323_R2,0,low_single_type,1,0,0,,,0
6323_R2_TGGGAAGAGATTACCC-1,6323_R2,0,low_single_type,1,0,0,,,0
6323_R2_TGGGAAGAGGAAGTCC-1,6323_R2,0,low_single_type,1,0,0,,,0
6323_R2_TGGGAAGCACCTGCGA-1,6323_R2,0,low_single_type,1,0,0,,,0
6323_R2_TGGGAAGGTACAGTCT-1,6323_R2,0,low_single_type,1,0,0,,,0
6323_R2_TGGGAAGGTATACCCA-1,6323_R2,0,low_single_type,1,0,0,,,0
6323_R2_TGGGAAGGTGAGTAAT-1,6323_R2,0,low_single_type,1,0,0,,,0
6323_R2_TGGGAAGTCGCGTCGA-1,6323_R2,0,low_single_type,1,0,0,,,0
6323_R2_TGGGAGACACAAGGTG-1,6323_R2,0,low_single_type,1,0,0,,,0
6323_R2_TGGGAGAGTGACTCTA-1,6323_R2,0,low_single_type,1,0,0,,,0
6323_R2_TGGGAGAGTTCCGCTT-1,6323_R2,0,low_single_type,1,0,0,,,0
6323_R2_TGGGATTAGATAGCAT-1,6323_R2,0,low_single_type,1,0,0,,,0
6323_R2_TGGGATTGTTACTCAG-1,6323_R2,0,low_single_type,1,0,0,,,0
6323_R2_TGGGATTTCCCTTCCC-1,6323_R2,0,low_single_type,1,0,0,,,0
6323_R2_TGGGCGTAGATCCCAT-1,6323_R2,0,low_single_type,1,0,0,,,0
6323_R2_TGGGCGTAGGCGACAT-1,6323_R2,0,low_single_type,1,0,0,,,0
6323_R2_TGGGCGTCACCCTGAG-1,6323_R2,0,low_single_type,1,0,0,,,0
6323_R2_TGGGCGTCAGGGAATC-1,6323_R2,0,low_single_type,1,0,0,,,0
6323_R2_TGGGCTGCATAAGATG-1,6323_R2,0,low_single_type,1,0,0,,,0
6323_R2_TGGGCTGGTTCAAAGA-1,6323_R2,0,low_single_type,1,0,0,,,0
6323_R2_TGGGCTGTCGACGACC-1,6323_R2,0,low_single_type,1,0,0,,,0
6323_R2_TGGGTTAAGTGGTGAC-1,6323_R2,0,low_single_type,1,0,0,,,0
6323_R2_TGGGTTACACGGGCTT-1,6323_R2,0,low_single_type,1,0,0,,,0
6323_R2_TGGGTTATCGCGGTAC-1,6323_R2,0,low_single_type,1,0,0,,,0
6323_R2_TGGTACAAGACAGCGT-1,6323_R2,0,low_single_type,1,0,0,,,0
6323_R2_TGGTACAAGACCCGCT-1,6323_R2,0,low_single_type,1,0,0,,,0
6323_R2_TGGTACAAGAGCAGTC-1,6323_R2,0,low_single_type,1,0,0,,,0
6323_R2_TGGTACAAGATCCGAG-1,6323_R2,0,low_single_type,1,0,0,,,0
6323_R2_TGGTACACAACCTATG-1,6323_R2,0,low_single_type,1,0,0,,,0
6323_R2_TGGTACACAGCATGCC-1,6323_R2,0,low_single_type,1,0,0,,,0
6323_R2_TGGTACAGTGCGGCTT-1,6323_R2,0,low_single_type,1,0,0,,,0
6323_R2_TGGTAGTAGGTCGTCC-1,6323_R2,0,low_single_type,1,0,0,,,0
6323_R2_TGGTAGTCAGATAAAC-1,6323_R2,0,low_single_type,1,0,0,,,0
6323_R2_TGGTAGTCATCAGCAT-1,6323_R2,0,low_single_type,1,0,0,,,0
6323_R2_TGGTAGTTCAAATAGG-1,6323_R2,0,low_single_type,1,0,0,,,0
6323_R2_TGGTAGTTCGCAGATT-1,6323_R2,0,low_single_type,1,0,0,,,0
6323_R2_TGGTGATTCTCTTAAC-1,6323_R2,0,low_single_type,1,0,0,,,0
6323_R2_TGGTTAGAGAAGTATC-1,6323_R2,0,low_single_type,1,0,0,,,0
6323_R2_TGGTTAGAGCATCCCG-1,6323_R2,0,low_single_type,1,0,0,,,0
6323_R2_TGGTTAGCAACGCATT-1,6323_R2,0,low_single_type,1,0,0,,,0
6323_R2_TGGTTAGCAAGAGTAT-1,6323_R2,0,low_single_type,1,0,0,,,0
6323_R2_TGGTTAGCAATCGCCG-1,6323_R2,0,low_single_type,1,0,0,,,0
6323_R2_TGGTTAGCACGTAACT-1,6323_R2,0,low_single_type,1,0,0,,,0
6323_R2_TGGTTAGTCAACCGAT-1,6323_R2,0,low_single_type,1,0,0,,,0
6323_R2_TGGTTAGTCCAGTACA-1,6323_R2,0,low_single_type,1,0,0,,,0
6323_R2_TGTAACGCAGAGCCCT-1,6323_R2,0,low_single_type,1,0,0,,,0
6323_R2_TGTAACGCATCATCCC-1,6323_R2,0,low_single_type,1,0,0,,,0
6323_R2_TGTAACGGTTCACGAT-1,6323_R2,0,low_single_type,1,0,0,,,0
6323_R2_TGTAACGTCGGTCATA-1,6323_R2,0,low_single_type,1,0,0,,,0
6323_R2_TGTAAGCAGACGAAGA-1,6323_R2,0,low_single_type,1,0,0,,,0
6323_R2_TGTAAGCGTCACTTAG-1,6323_R2,0,low_single_type,1,0,0,,,0
6323_R2_TGTAAGCGTCAGATTC-1,6323_R2,0,low_single_type,1,0,0,,,0
6323_R2_TGTAAGCGTGAATTAG-1,6323_R2,0,low_single_type,1,0,0,,,0
6323_R2_TGTAAGCGTGTTCGTA-1,6323_R2,0,low_single_type,1,0,0,,,0
6323_R2_TGTAAGCTCTTAGCCC-1,6323_R2,0,low_single_type,1,0,0,,,0
6323_R2_TGTACAGAGTCGGCCT-1,6323_R2,1,low_single_type,1,1,1,,,1
6323_R2_TGTACAGCACAGCATT-1,6323_R2,0,low_single_type,1,0,0,,,0
6323_R2_TGTACAGGTATCAAGA-1,6323_R2,0,low_single_type,1,0,0,,,0
6323_R2_TGTACAGTCGAGAGCA-1,6323_R2,1,low_single_type,1,1,1,,,1
6323_R2_TGTAGACAGATTGACA-1,6323_R2,0,low_single_type,1,0,0,,,0
6323_R2_TGTAGACAGTCCGCCA-1,6323_R2,0,low_single_type,1,0,0,,,0
6323_R2_TGTAGACAGTTGCTCA-1,6323_R2,0,low_single_type,1,0,0,,,0
6323_R2_TGTAGACTCAGACCGC-1,6323_R2,0,low_single_type,1,0,0,,,0
6323_R2_TGTAGACTCTTGGTGA-1,6323_R2,0,low_single_type,1,0,0,,,0
6323_R2_TGTCAGAGTTAGGACG-1,6323_R2,0,low_single_type,1,0,0,,,0
6323_R2_TGTCAGATCGGCTCTT-1,6323_R2,0,low_single_type,1,0,0,,,0
6323_R2_TGTCCACCACACGTGC-1,6323_R2,0,low_single_type,1,0,0,,,0
6323_R2_TGTCCACGTACACGTT-1,6323_R2,0,low_single_type,1,0,0,,,0
6323_R2_TGTCCCAAGACCACGA-1,6323_R2,0,low_single_type,1,0,0,,,0
6323_R2_TGTCCCAGTTCCACAA-1,6323_R2,0,low_single_type,1,0,0,,,0
6323_R2_TGTCCCATCTCTAGGA-1,6323_R2,0,low_single_type,1,0,0,,,0
6323_R2_TGTCCTGAGATTACCC-1,6323_R2,0,low_single_type,1,0,0,,,0
6323_R2_TGTCCTGCACCCTATC-1,6323_R2,0,low_single_type,1,0,0,,,0
6323_R2_TGTCCTGGTGTTCAGT-1,6323_R2,1,low_single_type,1,1,1,,,1
6323_R2_TGTCCTGTCACCTGGG-1,6323_R2,0,low_single_type,1,0,0,,,0
6323_R2_TGTGAGTAGAGAGCCT-1,6323_R2,0,low_single_type,1,0,0,,,0
6323_R2_TGTGAGTAGCGTGTTT-1,6323_R2,0,low_single_type,1,0,0,,,0
6323_R2_TGTGAGTCACAGTATC-1,6323_R2,0,low_single_type,1,0,0,,,0
6323_R2_TGTGAGTCACCAAATC-1,6323_R2,0,low_single_type,1,0,0,,,0
6323_R2_TGTGAGTGTCGAGTGA-1,6323_R2,0,low_single_type,1,0,0,,,0
6323_R2_TGTGAGTGTGCCGTAC-1,6323_R2,0,low_single_type,1,0,0,,,0
6323_R2_TGTGAGTGTGGTCCGT-1,6323_R2,0,low_single_type,1,0,0,,,0
6323_R2_TGTGAGTTCAGAGCGA-1,6323_R2,0,low_single_type,1,0,0,,,0
6323_R2_TGTGATGAGCATAGGC-1,6323_R2,0,low_single_type,1,0,0,,,0
6323_R2_TGTGATGTCACCTTAT-1,6323_R2,0,low_single_type,1,0,0,,,0
6323_R2_TGTGATGTCATTGAGC-1,6323_R2,0,low_single_type,1,0,0,,,0
6323_R2_TGTGCGGGTACTGAGG-1,6323_R2,0,low_single_type,1,0,0,,,0
6323_R2_TGTGCGGTCATTTGTC-1,6323_R2,0,low_single_type,1,0,0,,,0
6323_R2_TGTGCGGTCGGTCGAC-1,6323_R2,0,low_single_type,1,0,0,,,0
6323_R2_TGTGGCGAGACGGAAA-1,6323_R2,0,low_single_type,1,0,0,,,0
6323_R2_TGTGGCGAGGTCTGGA-1,6323_R2,0,low_single_type,1,0,0,,,0
6323_R2_TGTGGCGTCACCCTGT-1,6323_R2,0,low_single_type,1,0,0,,,0
6323_R2_TGTGTGACATCACGGC-1,6323_R2,1,low_single_type,1,1,1,,,1
6323_R2_TGTGTGAGTCCCTGAG-1,6323_R2,0,low_single_type,1,0,0,,,0
6323_R2_TGTGTGATCCATTGTT-1,6323_R2,0,low_single_type,1,0,0,,,0
6323_R2_TGTTACTCAGAGTGAC-1,6323_R2,0,low_single_type,1,0,0,,,0
6323_R2_TGTTACTGTCTTAGTG-1,6323_R2,0,low_single_type,1,0,0,,,0
6323_R2_TGTTACTTCGTCGACG-1,6323_R2,0,low_single_type,1,0,0,,,0
6323_R2_TGTTACTTCTATACGG-1,6323_R2,0,low_single_type,1,0,0,,,0
6323_R2_TGTTCATAGTGCGCTC-1,6323_R2,0,low_single_type,1,0,0,,,0
6323_R2_TGTTCATGTCGCAGTC-1,6323_R2,0,low_single_type,1,0,0,,,0
6323_R2_TGTTCATTCCCAAGCG-1,6323_R2,0,low_single_type,1,0,0,,,0
6323_R2_TGTTCCGAGAATAGTC-1,6323_R2,1,low_single_type,1,1,1,,,1
6323_R2_TGTTCCGAGGGTACAC-1,6323_R2,0,low_single_type,1,0,0,,,0
6323_R2_TGTTCCGGTCGAGTTT-1,6323_R2,0,low_single_type,1,0,0,,,0
6323_R2_TGTTCCGTCCTTGACC-1,6323_R2,0,low_single_type,1,0,0,,,0
6323_R2_TGTTCCGTCGGAGTGA-1,6323_R2,0,low_single_type,1,0,0,,,0
6323_R2_TGTTCTAAGCACTCTA-1,6323_R2,0,low_single_type,1,0,0,,,0
6323_R2_TGTTCTAGTCTGTGCG-1,6323_R2,0,low_single_type,1,0,0,,,0
6323_R2_TGTTCTAGTTCGGCCA-1,6323_R2,0,low_single_type,1,0,0,,,0
6323_R2_TGTTCTATCAGGAAGC-1,6323_R2,0,low_single_type,1,0,0,,,0
6323_R2_TGTTGAGAGTGCCCGT-1,6323_R2,0,low_single_type,1,0,0,,,0
6323_R2_TGTTGAGCACCTCAGG-1,6323_R2,0,low_single_type,1,0,0,,,0
6323_R2_TGTTGAGCACGTCTCT-1,6323_R2,0,low_single_type,1,0,0,,,0
6323_R2_TGTTGGAAGATCGCTT-1,6323_R2,0,low_single_type,1,0,0,,,0
6323_R2_TGTTGGACAGTCGTTA-1,6323_R2,0,low_single_type,1,0,0,,,0
6323_R2_TGTTGGAGTCCAGAAG-1,6323_R2,0,low_single_type,1,0,0,,,0
6323_R2_TGTTGGAGTGTTCGTA-1,6323_R2,0,low_single_type,1,0,0,,,0
6323_R2_TGTTGGAGTTGCCTAA-1,6323_R2,0,low_single_type,1,0,0,,,0
6323_R2_TGTTGGATCCGTGGGT-1,6323_R2,0,low_single_type,1,0,0,,,0
6323_R2_TGTTGGATCTCGCCTA-1,6323_R2,0,low_single_type,1,0,0,,,0
6323_R2_TTAATCCAGTGTACAA-1,6323_R2,0,low_single_type,1,0,0,,,0
6323_R2_TTACAGGAGCAAGTGC-1,6323_R2,0,low_single_type,1,0,0,,,0
6323_R2_TTACAGGAGCACTCTA-1,6323_R2,0,low_single_type,1,0,0,,,0
6323_R2_TTACAGGGTGGATCAG-1,6323_R2,0,low_single_type,1,0,0,,,0
6323_R2_TTACAGGGTGTAGTGG-1,6323_R2,0,low_single_type,1,0,0,,,0
6323_R2_TTACAGGTCAGACCTA-1,6323_R2,0,low_single_type,1,0,0,,,0
6323_R2_TTACAGGTCCGTGGCA-1,6323_R2,0,low_single_type,1,0,0,,,0
6323_R2_TTACCATAGACGACGT-1,6323_R2,0,low_single_type,1,0,0,,,0
6323_R2_TTACCATAGAGCCTGA-1,6323_R2,0,low_single_type,1,0,0,,,0
6323_R2_TTACCATAGCAAATCA-1,6323_R2,0,low_single_type,1,0,0,,,0
6323_R2_TTACCATAGCGATGGT-1,6323_R2,0,low_single_type,1,0,0,,,0
6323_R2_TTACCATAGTGCGCTC-1,6323_R2,0,low_single_type,1,0,0,,,0
6323_R2_TTACCATGTCTACGAT-1,6323_R2,0,low_single_type,1,0,0,,,0
6323_R2_TTACCATTCTAGGCCG-1,6323_R2,0,low_single_type,1,0,0,,,0
6323_R2_TTACCGCAGCGAAACC-1,6323_R2,0,low_single_type,1,0,0,,,0
6323_R2_TTACCGCAGGCCGCTT-1,6323_R2,0,low_single_type,1,0,0,,,0
6323_R2_TTACCGCAGTATGAAC-1,6323_R2,0,low_single_type,1,0,0,,,0
6323_R2_TTACCGCCATCCGAGC-1,6323_R2,0,low_single_type,1,0,0,,,0
6323_R2_TTACCGCTCATTCGGA-1,6323_R2,0,low_single_type,1,0,0,,,0
6323_R2_TTACCGCTCCATAGAC-1,6323_R2,0,low_single_type,1,0,0,,,0
6323_R2_TTACCGCTCCTCGCAT-1,6323_R2,0,low_single_type,1,0,0,,,0
6323_R2_TTACGCCAGCCTCATA-1,6323_R2,0,low_single_type,1,0,0,,,0
6323_R2_TTACGCCGTTCTCGTC-1,6323_R2,0,low_single_type,1,0,0,,,0
6323_R2_TTACGTTAGTAAACGT-1,6323_R2,0,low_single_type,1,0,0,,,0
6323_R2_TTACGTTCACACTTAG-1,6323_R2,0,low_single_type,1,0,0,,,0
6323_R2_TTACGTTCAGGTGACA-1,6323_R2,0,low_single_type,1,0,0,,,0
6323_R2_TTACTGTAGTCGTCTA-1,6323_R2,0,low_single_type,1,0,0,,,0
6323_R2_TTACTGTCACAGAGAC-1,6323_R2,0,low_single_type,1,0,0,,,0
6323_R2_TTACTGTCAGACGATG-1,6323_R2,0,low_single_type,1,0,0,,,0
6323_R2_TTACTGTTCATCGCTC-1,6323_R2,0,low_single_type,1,0,0,,,0
6323_R2_TTACTGTTCCAACCAA-1,6323_R2,0,low_single_type,1,0,0,,,0
6323_R2_TTAGGCAAGAATCGAT-1,6323_R2,0,low_single_type,1,0,0,,,0
6323_R2_TTAGGCACAGAAATCA-1,6323_R2,0,low_single_type,1,0,0,,,0
6323_R2_TTAGGCACAGACACAG-1,6323_R2,0,low_single_type,1,0,0,,,0
6323_R2_TTAGGCAGTACAGTAA-1,6323_R2,0,low_single_type,1,0,0,,,0
6323_R2_TTAGGCATCAAAGAAC-1,6323_R2,0,low_single_type,1,0,0,,,0
6323_R2_TTAGGCATCCGAGATT-1,6323_R2,0,low_single_type,1,0,0,,,0
6323_R2_TTAGGCATCGAGAAGC-1,6323_R2,1,low_single_type,1,1,1,,,1
6323_R2_TTAGGGTAGCCAACCC-1,6323_R2,0,low_single_type,1,0,0,,,0
6323_R2_TTAGGGTCAATCAGCT-1,6323_R2,0,low_single_type,1,0,0,,,0
6323_R2_TTAGGGTCACATGGTT-1,6323_R2,1,low_single_type,1,1,1,,,1
6323_R2_TTAGGGTCACTTCCTG-1,6323_R2,0,low_single_type,1,0,0,,,0
6323_R2_TTAGGGTTCACGAACT-1,6323_R2,0,low_single_type,1,0,0,,,0
6323_R2_TTAGTCTAGACTGTTC-1,6323_R2,0,low_single_type,1,0,0,,,0
6323_R2_TTAGTCTAGTAATACG-1,6323_R2,0,low_single_type,1,0,0,,,0
6323_R2_TTAGTCTCAGGACAGT-1,6323_R2,0,low_single_type,1,0,0,,,0
6323_R2_TTAGTCTGTAGGTGCA-1,6323_R2,0,low_single_type,1,0,0,,,0
6323_R2_TTAGTCTGTCAAAGCG-1,6323_R2,0,low_single_type,1,0,0,,,0
6323_R2_TTAGTCTGTCCACTTC-1,6323_R2,0,low_single_type,1,0,0,,,0
6323_R2_TTAGTCTTCGATCCAA-1,6323_R2,0,low_single_type,1,0,0,,,0
6323_R2_TTAGTCTTCGTTTACT-1,6323_R2,0,low_single_type,1,0,0,,,0
6323_R2_TTATTGCAGACGACTG-1,6323_R2,0,low_single_type,1,0,0,,,0
6323_R2_TTATTGCAGAGATGCC-1,6323_R2,0,low_single_type,1,0,0,,,0
6323_R2_TTATTGCAGATAGGGA-1,6323_R2,0,low_single_type,1,0,0,,,0
6323_R2_TTATTGCAGCAAGTGC-1,6323_R2,0,low_single_type,1,0,0,,,0
6323_R2_TTATTGCGTCGTGCCA-1,6323_R2,0,low_single_type,1,0,0,,,0
6323_R2_TTATTGCTCATGCTAG-1,6323_R2,0,low_single_type,1,0,0,,,0
6323_R2_TTCAATCCAAATACGA-1,6323_R2,0,low_single_type,1,0,0,,,0
6323_R2_TTCACCGAGCTCGAAG-1,6323_R2,0,low_single_type,1,0,0,,,0
6323_R2_TTCACCGAGCTGACAG-1,6323_R2,0,low_single_type,1,0,0,,,0
6323_R2_TTCACCGGTAGCGTCC-1,6323_R2,0,low_single_type,1,0,0,,,0
6323_R2_TTCACCGGTCTGATCA-1,6323_R2,0,low_single_type,1,0,0,,,0
6323_R2_TTCACCGTCGACTCCT-1,6323_R2,0,low_single_type,1,0,0,,,0
6323_R2_TTCACCGTCTCCAATT-1,6323_R2,0,low_single_type,1,0,0,,,0
6323_R2_TTCACGCAGTGTTCAC-1,6323_R2,0,low_single_type,1,0,0,,,0
6323_R2_TTCACGCCAAGGCGTA-1,6323_R2,0,low_single_type,1,0,0,,,0
6323_R2_TTCACGCGTGCAGATG-1,6323_R2,0,low_single_type,1,0,0,,,0
6323_R2_TTCACGCGTTTCCAAG-1,6323_R2,0,low_single_type,1,0,0,,,0
6323_R2_TTCACGCTCCCGTTCA-1,6323_R2,0,low_single_type,1,0,0,,,0
6323_R2_TTCACGCTCCTTCACG-1,6323_R2,0,low_single_type,1,0,0,,,0
6323_R2_TTCAGGAAGACCACGA-1,6323_R2,0,low_single_type,1,0,0,,,0
6323_R2_TTCAGGAAGTAGTCAA-1,6323_R2,0,low_single_type,1,0,0,,,0
6323_R2_TTCAGGACAGAAGCTG-1,6323_R2,0,low_single_type,1,0,0,,,0
6323_R2_TTCAGGACATGTTACG-1,6323_R2,0,low_single_type,1,0,0,,,0
6323_R2_TTCAGGAGTTAGCTAC-1,6323_R2,0,low_single_type,1,0,0,,,0
6323_R2_TTCAGGATCTCATGGA-1,6323_R2,0,low_single_type,1,0,0,,,0
6323_R2_TTCATGTAGCAGCCTC-1,6323_R2,0,low_single_type,1,0,0,,,0
6323_R2_TTCATGTAGCGCCTAC-1,6323_R2,0,low_single_type,1,0,0,,,0
6323_R2_TTCATGTAGGATTTGA-1,6323_R2,0,low_single_type,1,0,0,,,0
6323_R2_TTCATGTGTAACAGGC-1,6323_R2,0,low_single_type,1,0,0,,,0
6323_R2_TTCATGTGTACTAAGA-1,6323_R2,0,low_single_type,1,0,0,,,0
6323_R2_TTCATTGAGCCTCAGC-1,6323_R2,0,low_single_type,1,0,0,,,0
6323_R2_TTCATTGAGCTAAGTA-1,6323_R2,0,low_single_type,1,0,0,,,0
6323_R2_TTCATTGAGGGCAAGG-1,6323_R2,0,low_single_type,1,0,0,,,0
6323_R2_TTCATTGAGTCTTCCC-1,6323_R2,0,low_single_type,1,0,0,,,0
6323_R2_TTCATTGCATCGATCA-1,6323_R2,0,low_single_type,1,0,0,,,0
6323_R2_TTCATTGGTATAGGGC-1,6323_R2,0,low_single_type,1,0,0,,,0
6323_R2_TTCATTGGTTGTTGTG-1,6323_R2,0,low_single_type,1,0,0,,,0
6323_R2_TTCATTGTCTCCCTAG-1,6323_R2,0,low_single_type,1,0,0,,,0
6323_R2_TTCCAATAGGCACTAG-1,6323_R2,0,low_single_type,1,0,0,,,0
6323_R2_TTCCAATAGGTTGTTC-1,6323_R2,0,low_single_type,1,0,0,,,0
6323_R2_TTCCAATCACATATGC-1,6323_R2,0,low_single_type,1,0,0,,,0
6323_R2_TTCCAATCACTAAACC-1,6323_R2,0,low_single_type,1,0,0,,,0
6323_R2_TTCCAATGTCTTGTCC-1,6323_R2,0,low_single_type,1,0,0,,,0
6323_R2_TTCCACGAGGTAAGAG-1,6323_R2,0,low_single_type,1,0,0,,,0
6323_R2_TTCCACGCAATGAACA-1,6323_R2,0,low_single_type,1,0,0,,,0
6323_R2_TTCCACGCACCTGCGA-1,6323_R2,0,low_single_type,1,0,0,,,0
6323_R2_TTCCACGCAGACAAGC-1,6323_R2,0,low_single_type,1,0,0,,,0
6323_R2_TTCCACGTCGTAATGC-1,6323_R2,1,low_single_type,1,1,1,,,1
6323_R2_TTCCGGTAGTTATGGA-1,6323_R2,0,low_single_type,1,0,0,,,0
6323_R2_TTCCGGTCACAAACGG-1,6323_R2,1,low_single_type,1,1,1,,,1
6323_R2_TTCCGGTTCCTCTAGC-1,6323_R2,0,low_single_type,1,0,0,,,0
6323_R2_TTCCGTGAGAGAGAAC-1,6323_R2,0,low_single_type,1,0,0,,,0
6323_R2_TTCCGTGCAAGACGAC-1,6323_R2,0,low_single_type,1,0,0,,,0
6323_R2_TTCCGTGGTAGCACAG-1,6323_R2,0,low_single_type,1,0,0,,,0
6323_R2_TTCCGTGGTAGCCAGA-1,6323_R2,0,low_single_type,1,0,0,,,0
6323_R2_TTCCGTGGTAGTCTGT-1,6323_R2,0,low_single_type,1,0,0,,,0
6323_R2_TTCCTAAAGGCTGAAC-1,6323_R2,0,low_single_type,1,0,0,,,0
6323_R2_TTCCTAAAGTCGTTAC-1,6323_R2,0,low_single_type,1,0,0,,,0
6323_R2_TTCCTAACAAGGTACG-1,6323_R2,0,low_single_type,1,0,0,,,0
6323_R2_TTCCTAAGTCGAGATG-1,6323_R2,0,low_single_type,1,0,0,,,0
6323_R2_TTCCTAAGTGCCTTCT-1,6323_R2,0,low_single_type,1,0,0,,,0
6323_R2_TTCCTCTAGATTGACA-1,6323_R2,0,low_single_type,1,0,0,,,0
6323_R2_TTCCTCTAGGTCACCC-1,6323_R2,0,low_single_type,1,0,0,,,0
6323_R2_TTCCTCTGTCCAGGTC-1,6323_R2,0,low_single_type,1,0,0,,,0
6323_R2_TTCCTCTTCGAGTTGT-1,6323_R2,0,low_single_type,1,0,0,,,0
6323_R2_TTCCTTCAGTAGACCG-1,6323_R2,0,low_single_type,1,0,0,,,0
6323_R2_TTCCTTCAGTCCCGGT-1,6323_R2,0,low_single_type,1,0,0,,,0
6323_R2_TTCCTTCTCGCGTGCA-1,6323_R2,0,low_single_type,1,0,0,,,0
6323_R2_TTCGATTCAGTTTCAG-1,6323_R2,0,low_single_type,1,0,0,,,0
6323_R2_TTCGATTGTAGAGACC-1,6323_R2,0,low_single_type,1,0,0,,,0
6323_R2_TTCGATTGTCGCTCGA-1,6323_R2,0,low_single_type,1,0,0,,,0
6323_R2_TTCGCTGAGACTTCAC-1,6323_R2,0,low_single_type,1,0,0,,,0
6323_R2_TTCGCTGAGAGGTCGT-1,6323_R2,0,low_single_type,1,0,0,,,0
6323_R2_TTCGCTGCAACAGAGC-1,6323_R2,0,low_single_type,1,0,0,,,0
6323_R2_TTCGCTGCAGATTCGT-1,6323_R2,0,low_single_type,1,0,0,,,0
6323_R2_TTCGCTGGTGTCTTAG-1,6323_R2,0,low_single_type,1,0,0,,,0
6323_R2_TTCGCTGTCGACCACG-1,6323_R2,0,low_single_type,1,0,0,,,0
6323_R2_TTCGGTCGTATAGCTC-1,6323_R2,0,low_single_type,1,0,0,,,0
6323_R2_TTCTAACCACCTAAAC-1,6323_R2,1,low_single_type,1,1,1,,,1
6323_R2_TTCTAACGTCGAGATG-1,6323_R2,0,low_single_type,1,0,0,,,0
6323_R2_TTCTAACTCAAACGAA-1,6323_R2,0,low_single_type,1,0,0,,,0
6323_R2_TTCTAACTCCGCACTT-1,6323_R2,0,low_single_type,1,0,0,,,0
6323_R2_TTCTAGTAGTCGCCAC-1,6323_R2,1,low_single_type,1,1,1,,,1
6323_R2_TTCTAGTAGTGGAAGA-1,6323_R2,0,low_single_type,1,0,0,,,0
6323_R2_TTCTAGTTCATCGCTC-1,6323_R2,0,low_single_type,1,0,0,,,0
6323_R2_TTCTAGTTCTGGTGCG-1,6323_R2,0,low_single_type,1,0,0,,,0
6323_R2_TTCTCTCCACCCAACG-1,6323_R2,0,low_single_type,1,0,0,,,0
6323_R2_TTCTCTCGTACACTCA-1,6323_R2,0,low_single_type,1,0,0,,,0
6323_R2_TTCTCTCGTGTGTACT-1,6323_R2,0,low_single_type,1,0,0,,,0
6323_R2_TTCTCTCTCTGAGGTT-1,6323_R2,0,low_single_type,1,0,0,,,0
6323_R2_TTCTGTACAGCTGCCA-1,6323_R2,0,low_single_type,1,0,0,,,0
6323_R2_TTCTGTATCGGTCAGC-1,6323_R2,0,low_single_type,1,0,0,,,0
6323_R2_TTCTTCCAGAGGACTC-1,6323_R2,0,low_single_type,1,0,0,,,0
6323_R2_TTCTTCCGTTAAAGTG-1,6323_R2,0,low_single_type,1,0,0,,,0
6323_R2_TTCTTCCGTTGCTCAA-1,6323_R2,0,low_single_type,1,0,0,,,0
6323_R2_TTCTTCCGTTTGTTCT-1,6323_R2,0,low_single_type,1,0,0,,,0
6323_R2_TTCTTGAAGTTATGGA-1,6323_R2,0,low_single_type,1,0,0,,,0
6323_R2_TTCTTGAGTCTCTCCA-1,6323_R2,0,low_single_type,1,0,0,,,0
6323_R2_TTCTTGAGTCTGATAC-1,6323_R2,0,low_single_type,1,0,0,,,0
6323_R2_TTCTTGAGTGGACCAA-1,6323_R2,0,low_single_type,1,0,0,,,0
6323_R2_TTCTTGATCCTTTAGT-1,6323_R2,0,low_single_type,1,0,0,,,0
6323_R2_TTGAACGAGGTCCCTG-1,6323_R2,0,low_single_type,1,0,0,,,0
6323_R2_TTGAACGAGGTCTTTG-1,6323_R2,0,low_single_type,1,0,0,,,0
6323_R2_TTGAACGGTCCTCCAT-1,6323_R2,0,low_single_type,1,0,0,,,0
6323_R2_TTGAACGGTTACCTGA-1,6323_R2,1,low_single_type,1,1,1,,,1
6323_R2_TTGAACGGTTGTACGT-1,6323_R2,0,low_single_type,1,0,0,,,0
6323_R2_TTGACCCAGACTTGTC-1,6323_R2,0,low_single_type,1,0,0,,,0
6323_R2_TTGACCCCAAACCATC-1,6323_R2,0,low_single_type,1,0,0,,,0
6323_R2_TTGACCCGTCATAACC-1,6323_R2,0,low_single_type,1,0,0,,,0
6323_R2_TTGACCCTCACATACG-1,6323_R2,0,low_single_type,1,0,0,,,0
6323_R2_TTGAGTGAGCGCTTCG-1,6323_R2,0,low_single_type,1,0,0,,,0
6323_R2_TTGAGTGCACTAGGTT-1,6323_R2,0,low_single_type,1,0,0,,,0
6323_R2_TTGAGTGCAGACTCTA-1,6323_R2,0,low_single_type,1,0,0,,,0
6323_R2_TTGAGTGGTTCAAGGG-1,6323_R2,0,low_single_type,1,0,0,,,0
6323_R2_TTGAGTGTCATGCCAA-1,6323_R2,0,low_single_type,1,0,0,,,0
6323_R2_TTGAGTGTCCGCAAAT-1,6323_R2,0,low_single_type,1,0,0,,,0
6323_R2_TTGATGGAGTGTAGAT-1,6323_R2,0,low_single_type,1,0,0,,,0
6323_R2_TTGATGGGTAGCCCTG-1,6323_R2,0,low_single_type,1,0,0,,,0
6323_R2_TTGATGGGTGTACGCC-1,6323_R2,1,low_single_type,1,1,1,,,1
6323_R2_TTGCATTAGCACACAG-1,6323_R2,0,low_single_type,1,0,0,,,0
6323_R2_TTGCCTGAGTGTACCT-1,6323_R2,0,low_single_type,1,0,0,,,0
6323_R2_TTGCCTGGTAGGGTAC-1,6323_R2,0,low_single_type,1,0,0,,,0
6323_R2_TTGCCTGTCGAATGCT-1,6323_R2,0,low_single_type,1,0,0,,,0
6323_R2_TTGCCTGTCTACGCAA-1,6323_R2,0,low_single_type,1,0,0,,,0
6323_R2_TTGCGTCCAGCTACCG-1,6323_R2,0,low_single_type,1,0,0,,,0
6323_R2_TTGCTGCAGACGTCCC-1,6323_R2,0,low_single_type,1,0,0,,,0
6323_R2_TTGCTGCCAAAGGAGA-1,6323_R2,0,low_single_type,1,0,0,,,0
6323_R2_TTGGGATAGGGACTGT-1,6323_R2,0,low_single_type,1,0,0,,,0
6323_R2_TTGGGATCAAATGAAC-1,6323_R2,0,low_single_type,1,0,0,,,0
6323_R2_TTGGGATTCCACTTTA-1,6323_R2,0,low_single_type,1,0,0,,,0
6323_R2_TTGGGCGAGAGCCCAA-1,6323_R2,0,low_single_type,1,0,0,,,0
6323_R2_TTGGGCGAGCGCGTTC-1,6323_R2,0,low_single_type,1,0,0,,,0
6323_R2_TTGGGCGGTCCACGCA-1,6323_R2,0,low_single_type,1,0,0,,,0
6323_R2_TTGGGTACAATCAAGA-1,6323_R2,0,low_single_type,1,0,0,,,0
6323_R2_TTGGTTTAGCTTACGT-1,6323_R2,1,low_single_type,1,1,1,,,1
6323_R2_TTGGTTTCAGCGACCT-1,6323_R2,0,low_single_type,1,0,0,,,0
6323_R2_TTGGTTTCAGTCTTCC-1,6323_R2,0,low_single_type,1,0,0,,,0
6323_R2_TTGGTTTCATGGAATA-1,6323_R2,0,low_single_type,1,0,0,,,0
6323_R2_TTGGTTTTCATTTGTC-1,6323_R2,0,low_single_type,1,0,0,,,0
6323_R2_TTGGTTTTCCTTTGAT-1,6323_R2,0,low_single_type,1,0,0,,,0
6323_R2_TTGTGGAAGAAACCCG-1,6323_R2,0,low_single_type,1,0,0,,,0
6323_R2_TTGTGGAAGGTTGTTC-1,6323_R2,0,low_single_type,1,0,0,,,0
6323_R2_TTGTGGAGTCTGCCTT-1,6323_R2,0,low_single_type,1,0,0,,,0
6323_R2_TTGTGGATCTCCAAGA-1,6323_R2,0,low_single_type,1,0,0,,,0
6323_R2_TTGTGTTGTCATGGCC-1,6323_R2,0,low_single_type,1,0,0,,,0
6323_R2_TTGTGTTGTCTTACTT-1,6323_R2,0,low_single_type,1,0,0,,,0
6323_R2_TTGTGTTTCAGACATC-1,6323_R2,0,low_single_type,1,0,0,,,0
6323_R2_TTGTGTTTCGCAAGAG-1,6323_R2,0,low_single_type,1,0,0,,,0
6323_R2_TTGTTCAAGATGACCG-1,6323_R2,0,low_single_type,1,0,0,,,0
6323_R2_TTGTTCAAGGGTAGCT-1,6323_R2,0,low_single_type,1,0,0,,,0
6323_R2_TTGTTCACATCGGAAG-1,6323_R2,0,low_single_type,1,0,0,,,0
6323_R2_TTGTTCAGTAGGGAGG-1,6323_R2,0,low_single_type,1,0,0,,,0
6323_R2_TTGTTCAGTAGTCACT-1,6323_R2,0,low_single_type,1,0,0,,,0
6323_R2_TTGTTCATCGCAATTG-1,6323_R2,0,low_single_type,1,0,0,,,0
6323_R2_TTGTTGTAGGTTCTTG-1,6323_R2,0,low_single_type,1,0,0,,,0
6323_R2_TTGTTGTGTTCACCGG-1,6323_R2,0,low_single_type,1,0,0,,,0
6323_R2_TTGTTTGAGCTAGATA-1,6323_R2,0,low_single_type,1,0,0,,,0
6323_R2_TTTACCAAGAATGTTG-1,6323_R2,0,low_single_type,1,0,0,,,0
6323_R2_TTTACCAAGCCGTTAT-1,6323_R2,0,low_single_type,1,0,0,,,0
6323_R2_TTTACCACAGGTACGA-1,6323_R2,0,low_single_type,1,0,0,,,0
6323_R2_TTTACCAGTACAAAGT-1,6323_R2,0,low_single_type,1,0,0,,,0
6323_R2_TTTACCATCTACACAG-1,6323_R2,0,low_single_type,1,0,0,,,0
6323_R2_TTTACCATCTGCGAGC-1,6323_R2,0,low_single_type,1,0,0,,,0
6323_R2_TTTACGTAGCTCCATA-1,6323_R2,1,low_single_type,1,1,1,,,1
6323_R2_TTTACGTCAGAAGTTA-1,6323_R2,0,low_single_type,1,0,0,,,0
6323_R2_TTTACGTCAGTATACC-1,6323_R2,0,low_single_type,1,0,0,,,0
6323_R2_TTTACGTGTGTCCACG-1,6323_R2,0,low_single_type,1,0,0,,,0
6323_R2_TTTACTGAGCGTCTGC-1,6323_R2,0,low_single_type,1,0,0,,,0
6323_R2_TTTACTGGTATCGTGT-1,6323_R2,0,low_single_type,1,0,0,,,0
6323_R2_TTTACTGGTCTGCAAT-1,6323_R2,0,low_single_type,1,0,0,,,0
6323_R2_TTTACTGGTTCTATCT-1,6323_R2,0,low_single_type,1,0,0,,,0
6323_R2_TTTAGTCCACAGCATT-1,6323_R2,0,low_single_type,1,0,0,,,0
6323_R2_TTTAGTCCATAGATGA-1,6323_R2,0,low_single_type,1,0,0,,,0
6323_R2_TTTAGTCCATGCAGCC-1,6323_R2,0,low_single_type,1,0,0,,,0
6323_R2_TTTAGTCGTAGGTACG-1,6323_R2,0,low_single_type,1,0,0,,,0
6323_R2_TTTAGTCGTTAGGCCC-1,6323_R2,0,low_single_type,1,0,0,,,0
6323_R2_TTTATGCCACCAGGTC-1,6323_R2,0,low_single_type,1,0,0,,,0
6323_R2_TTTCACAAGGTCATTC-1,6323_R2,0,low_single_type,1,0,0,,,0
6323_R2_TTTCACAGTCAATCTG-1,6323_R2,0,low_single_type,1,0,0,,,0
6323_R2_TTTCACATCGAAGCAG-1,6323_R2,0,low_single_type,1,0,0,,,0
6323_R2_TTTCACATCGGACGTC-1,6323_R2,0,low_single_type,1,0,0,,,0
6323_R2_TTTCAGTAGAGAGAAC-1,6323_R2,0,low_single_type,1,0,0,,,0
6323_R2_TTTCAGTAGCGCTGCT-1,6323_R2,0,low_single_type,1,0,0,,,0
6323_R2_TTTCAGTAGGAATTAC-1,6323_R2,0,low_single_type,1,0,0,,,0
6323_R2_TTTCAGTAGTATAGGT-1,6323_R2,0,low_single_type,1,0,0,,,0
6323_R2_TTTCAGTGTCCGTACG-1,6323_R2,0,low_single_type,1,0,0,,,0
6323_R2_TTTCAGTTCCGTATAG-1,6323_R2,0,low_single_type,1,0,0,,,0
6323_R2_TTTCATGAGAGTCTGG-1,6323_R2,0,low_single_type,1,0,0,,,0
6323_R2_TTTCATGAGTTAGTGA-1,6323_R2,0,low_single_type,1,0,0,,,0
6323_R2_TTTCATGCAACGGTAG-1,6323_R2,0,low_single_type,1,0,0,,,0
6323_R2_TTTCATGCAGACCTAT-1,6323_R2,0,low_single_type,1,0,0,,,0
6323_R2_TTTCATGGTCCCGCAA-1,6323_R2,0,low_single_type,1,0,0,,,0
6323_R2_TTTCATGGTCTCGGAC-1,6323_R2,0,low_single_type,1,0,0,,,0
6323_R2_TTTCATGTCAGGACAG-1,6323_R2,0,low_single_type,1,0,0,,,0
6323_R2_TTTCCTCAGCACTCTA-1,6323_R2,0,low_single_type,1,0,0,,,0
6323_R2_TTTCCTCAGTGCAACG-1,6323_R2,0,low_single_type,1,0,0,,,0
6323_R2_TTTCGATAGCAATTAG-1,6323_R2,0,low_single_type,1,0,0,,,0
6323_R2_TTTCGATAGGGTTAAT-1,6323_R2,0,low_single_type,1,0,0,,,0
6323_R2_TTTCGATAGTAATACG-1,6323_R2,0,low_single_type,1,0,0,,,0
6323_R2_TTTCGATCAGCTCGGT-1,6323_R2,0,low_single_type,1,0,0,,,0
6323_R2_TTTCGATTCAAGTAAG-1,6323_R2,0,low_single_type,1,0,0,,,0
6323_R2_TTTGACTCACACCTGG-1,6323_R2,0,low_single_type,1,0,0,,,0
6323_R2_TTTGACTCACCATTCC-1,6323_R2,0,low_single_type,1,0,0,,,0
6323_R2_TTTGACTGTGGACCAA-1,6323_R2,0,low_single_type,1,0,0,,,0
6323_R2_TTTGATCCAAGTTTGC-1,6323_R2,0,low_single_type,1,0,0,,,0
6323_R2_TTTGATCGTGAGACGT-1,6323_R2,0,low_single_type,1,0,0,,,0
6323_R2_TTTGGAGAGTAACCTC-1,6323_R2,0,low_single_type,1,0,0,,,0
6323_R2_TTTGGAGTCAGAACCT-1,6323_R2,0,low_single_type,1,0,0,,,0
6323_R2_TTTGGTTAGTTCGGTT-1,6323_R2,0,low_single_type,1,0,0,,,0
6323_R2_TTTGGTTGTACGAAAT-1,6323_R2,0,low_single_type,1,0,0,,,0
6323_R2_TTTGGTTGTCACGACC-1,6323_R2,0,low_single_type,1,0,0,,,0
6323_R2_TTTGGTTTCAAAGACA-1,6323_R2,0,low_single_type,1,0,0,,,0
6323_R2_TTTGTTGAGCAATTAG-1,6323_R2,0,low_single_type,1,0,0,,,0
6323_R2_TTTGTTGTCAAGAGGC-1,6323_R2,0,low_single_type,1,0,0,,,0
6323_R2_TTTGTTGTCCTCTAAT-1,6323_R2,0,low_single_type,1,0,0,,,0
